1 2
1 469
2 1
2 469
3 4
3 5
3 6
4 3
4 5
4 6
5 3
5 4
5 6
6 3
6 4
6 5
6 141
7 8
8 7
9 10
10 9
11 12
11 13
11 14
12 11
12 13
12 14
13 11
13 12
13 14
14 11
14 12
14 13
15 16
16 15
16 899
17 18
18 17
19 20
19 56
20 19
21 22
22 21
23 24
24 23
25 26
25 27
26 25
26 27
26 37
27 25
27 26
27 46
28 29
28 30
28 36
28 64
28 922
29 28
29 30
29 36
29 880
29 922
30 28
30 29
30 44
30 45
30 54
30 55
30 921
30 922
31 32
31 33
31 43
32 31
32 33
32 43
33 31
33 32
33 43
34 35
35 34
35 656
35 796
35 802
35 803
35 810
36 28
36 29
36 241
36 880
37 26
37 232
38 39
38 229
38 230
39 38
40 41
40 42
40 665
41 40
41 42
42 40
42 41
43 31
43 32
43 33
43 83
43 683
43 684
44 30
44 45
44 55
45 30
45 44
46 27
47 48
47 685
48 47
48 219
48 1242
49 50
50 49
51 52
51 53
52 51
52 53
53 51
53 52
54 30
54 55
55 30
55 44
55 54
55 720
55 721
55 921
55 932
56 19
57 58
57 59
58 57
58 59
59 57
59 58
60 61
61 60
61 728
61 729
61 730
61 733
61 889
61 937
62 63
63 62
63 144
64 28
65 66
66 65
67 68
68 67
68 190
69 70
69 71
70 69
70 71
70 78
71 69
71 70
72 73
72 74
73 72
73 74
74 72
74 73
75 76
75 77
76 75
76 77
77 75
77 76
77 100
78 70
79 80
79 84
80 79
81 82
82 81
83 43
83 668
84 79
85 86
86 85
86 87
86 88
86 170
87 86
87 88
87 112
88 86
88 87
88 112
89 90
90 89
91 92
92 91
93 94
94 93
95 96
95 97
96 95
96 97
96 187
97 95
97 96
97 104
98 99
99 98
100 77
101 102
101 103
102 101
102 103
103 101
103 102
104 97
104 105
104 106
104 107
105 104
105 106
105 107
106 104
106 105
106 107
107 104
107 105
107 106
108 109
109 108
109 866
110 111
110 265
110 266
111 110
112 87
112 88
113 114
114 113
115 116
115 117
116 115
116 117
117 115
117 116
118 119
118 120
118 287
118 775
118 776
118 777
118 950
118 1192
118 1193
119 118
119 120
120 118
120 119
121 122
122 121
123 124
123 125
124 123
124 125
125 123
125 124
126 127
126 220
127 126
128 129
129 128
130 131
131 130
131 925
132 133
132 134
133 132
133 134
134 132
134 133
135 136
136 135
137 138
138 137
139 140
139 812
140 139
141 6
142 143
143 142
144 63
145 146
145 147
145 603
146 145
146 147
147 145
147 146
148 149
149 148
150 151
151 150
152 153
153 152
154 155
155 154
156 157
156 161
157 156
157 158
158 157
159 160
160 159
161 156
162 163
163 162
164 165
165 164
166 167
167 166
168 169
169 168
170 86
171 172
171 173
172 171
172 173
173 171
173 172
174 175
175 174
176 177
177 176
178 179
179 178
179 180
179 585
180 179
180 181
180 585
181 180
182 183
182 324
182 325
183 182
183 205
183 206
183 216
183 613
184 185
184 186
184 190
185 184
185 186
185 210
186 184
186 185
187 96
188 189
189 188
189 238
189 277
190 68
190 184
191 192
192 191
193 194
194 193
195 196
196 195
197 198
197 213
198 197
198 203
198 204
199 200
199 209
200 199
201 202
202 201
203 198
203 204
204 198
204 203
204 233
204 234
204 235
204 530
204 553
204 554
205 183
205 206
206 183
206 205
207 208
208 207
209 199
210 185
211 212
211 213
212 211
212 213
213 197
213 211
213 212
213 586
213 587
214 215
215 214
216 183
216 217
216 240
216 254
216 291
216 292
216 297
216 324
216 327
216 330
216 496
216 613
216 876
217 216
218 219
219 48
219 218
219 470
219 621
219 657
219 658
219 663
219 800
219 801
220 126
221 222
221 223
221 224
222 221
222 223
222 224
223 221
223 222
223 224
224 221
224 222
224 223
225 226
226 225
227 228
228 227
228 574
228 580
228 581
229 38
229 230
230 38
230 229
231 232
231 240
231 286
231 528
231 600
232 37
232 231
233 204
233 234
233 235
233 846
234 204
234 233
234 235
235 204
235 233
235 234
236 237
237 236
238 189
238 239
238 277
238 278
238 426
239 238
239 432
240 216
240 231
240 254
240 291
240 292
240 321
240 323
240 326
240 491
240 535
240 552
241 36
242 243
242 244
243 242
243 244
243 731
243 732
244 242
244 243
245 246
245 247
245 647
246 245
246 247
246 647
247 245
247 246
247 647
248 249
248 250
248 251
249 248
249 250
249 251
249 1172
250 248
250 249
250 251
250 765
251 248
251 249
251 250
252 253
253 252
254 216
254 240
254 292
254 321
254 326
254 327
254 330
254 496
254 533
254 534
254 572
254 643
254 796
255 256
256 255
256 283
256 314
257 258
258 257
259 260
260 259
261 262
262 261
263 264
264 263
264 647
264 693
264 694
264 705
264 741
264 774
264 931
265 110
265 266
265 416
265 418
265 441
266 110
266 265
267 268
267 269
267 270
268 267
268 269
268 270
269 267
269 268
269 270
269 562
269 581
270 267
270 268
270 269
271 272
272 271
273 274
273 275
273 276
274 273
274 275
274 276
274 877
275 273
275 274
275 276
276 273
276 274
276 275
276 742
277 189
277 238
277 278
277 426
278 238
278 277
278 426
279 280
280 279
280 655
281 282
281 283
281 398
281 1057
282 281
282 283
283 256
283 281
283 282
283 314
283 335
283 519
283 526
283 673
284 285
285 284
286 231
287 118
287 288
287 775
287 776
287 777
288 287
289 290
290 289
291 216
291 240
291 292
291 324
292 216
292 240
292 254
292 291
292 326
292 535
293 294
293 390
294 293
295 296
296 295
297 216
297 461
297 462
297 607
298 299
298 300
298 662
299 298
299 300
300 298
300 299
300 345
301 302
301 460
301 960
302 301
302 460
303 304
303 1034
303 1056
304 303
304 561
304 562
305 306
305 748
305 749
306 305
306 366
306 748
306 749
306 753
306 754
307 308
307 309
308 307
308 309
309 307
309 308
310 311
310 1140
310 1206
310 1207
311 310
312 313
313 312
314 256
314 283
314 333
314 334
314 335
314 336
314 519
314 657
314 673
315 316
315 368
316 315
317 318
318 317
319 320
320 319
321 240
321 254
322 323
322 530
323 240
323 322
323 491
323 530
324 182
324 216
324 291
324 325
325 182
325 324
326 240
326 254
326 292
327 216
327 254
327 627
328 329
329 328
330 216
330 254
331 332
332 331
332 541
333 314
333 334
333 335
333 336
333 337
333 657
334 314
334 333
334 335
334 336
334 337
335 283
335 314
335 333
335 334
335 336
335 337
335 657
336 314
336 333
336 334
336 335
336 337
336 657
337 333
337 334
337 335
337 336
337 516
337 567
338 339
338 340
339 338
339 340
340 338
340 339
341 342
342 341
343 344
344 343
345 300
346 347
347 346
348 349
349 348
350 351
351 350
351 577
352 353
353 352
353 449
354 355
355 354
356 357
357 356
358 359
359 358
360 361
361 360
362 363
363 362
364 365
365 364
366 306
366 367
366 753
366 754
367 366
367 525
367 894
367 912
367 913
368 315
369 370
369 371
370 369
370 371
371 369
371 370
372 373
372 374
373 372
373 374
374 372
374 373
375 376
376 375
377 378
378 377
379 380
379 590
380 379
381 382
382 381
383 384
384 383
385 386
385 475
385 476
385 497
386 385
386 497
387 388
387 389
387 446
388 387
388 389
389 387
389 388
390 293
391 392
392 391
393 394
393 395
394 393
394 395
395 393
395 394
396 397
397 396
397 436
398 281
399 400
399 410
399 411
400 399
401 402
402 401
403 404
404 403
404 405
405 404
405 437
406 407
407 406
408 409
408 410
408 445
409 408
409 410
410 399
410 408
410 409
410 411
410 414
410 419
410 428
410 429
411 399
411 410
411 412
411 419
412 411
413 414
413 415
413 427
413 433
414 410
414 413
414 415
414 428
414 429
415 413
415 414
416 265
416 417
416 418
416 441
417 416
417 418
418 265
418 416
418 417
418 441
418 518
419 410
419 411
419 428
420 421
421 420
422 423
423 422
424 425
425 424
426 238
426 277
426 278
427 413
428 410
428 414
428 419
428 429
429 410
429 414
429 428
430 431
431 430
432 239
433 413
434 435
435 434
436 397
437 405
438 439
438 440
439 438
439 440
440 438
440 439
441 265
441 416
441 418
441 518
442 443
442 444
442 877
443 442
443 444
443 467
443 468
443 469
444 442
444 443
445 408
446 387
447 448
448 447
449 353
450 451
450 819
451 450
451 819
452 453
452 741
452 1076
453 452
454 455
455 454
456 457
457 456
458 459
459 458
460 301
460 302
461 297
461 462
462 297
462 461
463 464
463 485
463 497
463 498
463 499
463 551
464 463
465 466
466 465
467 443
467 468
467 469
468 443
468 467
468 469
469 1
469 2
469 443
469 467
469 468
469 1087
469 1144
469 1145
470 219
471 472
472 471
473 474
474 473
475 385
475 476
476 385
476 475
477 478
478 477
479 480
479 481
480 479
480 481
481 479
481 480
482 483
483 482
484 485
484 486
485 463
485 484
485 486
485 497
485 498
485 499
485 551
486 484
486 485
487 488
487 1157
488 487
489 490
489 869
490 489
490 869
491 240
491 323
492 493
493 492
494 495
495 494
496 216
496 254
496 876
497 385
497 386
497 463
497 485
497 498
497 499
497 507
497 551
498 463
498 485
498 497
498 499
498 504
498 507
498 508
498 511
499 463
499 485
499 497
499 498
499 507
499 551
499 554
499 612
499 861
500 501
501 500
502 503
503 502
504 498
505 506
505 520
506 505
506 520
507 497
507 498
507 499
507 979
508 498
508 686
509 510
510 509
511 498
512 513
513 512
514 515
514 527
515 514
516 337
516 517
516 567
517 516
518 418
518 441
519 283
519 314
519 673
520 505
520 506
521 522
522 521
523 524
523 525
524 523
524 525
525 367
525 523
525 524
525 894
525 913
526 283
527 514
528 231
528 529
528 914
528 915
529 528
530 204
530 322
530 323
530 553
530 554
530 785
530 797
530 811
531 532
532 531
533 254
533 534
534 254
534 533
535 240
535 292
536 537
536 538
537 536
537 538
538 536
538 537
539 540
540 539
540 881
540 882
541 332
542 543
543 542
544 545
544 546
544 547
544 548
545 544
545 546
545 547
545 548
546 544
546 545
546 547
546 548
547 544
547 545
547 546
547 548
548 544
548 545
548 546
548 547
549 550
550 549
551 463
551 485
551 497
551 499
552 240
552 926
553 204
553 530
553 554
553 785
554 204
554 499
554 530
554 553
554 785
554 811
555 556
556 555
557 558
558 557
559 560
560 559
561 304
561 562
562 269
562 304
562 561
562 581
563 564
563 565
563 566
563 870
563 871
564 563
564 565
564 566
565 563
565 564
565 566
566 563
566 564
566 565
566 586
566 847
567 337
567 516
568 569
569 568
570 571
571 570
572 254
573 574
574 228
574 573
574 580
574 581
574 864
575 576
576 575
577 351
578 579
579 578
580 228
580 574
580 581
581 228
581 269
581 562
581 574
581 580
582 583
582 584
582 912
582 1113
582 1213
583 582
583 584
584 582
584 583
584 1064
585 179
585 180
585 700
585 739
585 890
586 213
586 566
586 587
586 847
587 213
587 586
588 589
589 588
590 379
591 592
591 593
592 591
592 593
593 591
593 592
594 595
595 594
596 597
597 596
598 599
599 598
600 231
601 602
602 601
603 145
604 605
605 604
606 607
607 297
607 606
607 844
607 845
607 1046
608 609
609 608
610 611
611 610
612 499
613 183
613 216
614 615
615 614
616 617
617 616
618 619
618 637
619 618
620 621
621 219
621 620
621 657
621 658
622 623
622 624
622 674
622 675
623 622
623 624
624 622
624 623
625 626
626 625
627 327
627 628
627 629
627 1112
627 1113
628 627
628 629
628 975
628 1255
629 627
629 628
630 631
630 632
631 630
631 632
632 630
632 631
633 634
634 633
635 636
636 635
637 618
638 639
638 640
639 638
639 640
639 672
640 638
640 639
641 642
642 641
643 254
643 644
644 643
644 845
645 646
645 854
646 645
647 245
647 246
647 247
647 264
647 705
647 741
647 774
648 649
649 648
650 651
650 652
651 650
651 652
652 650
652 651
653 654
654 653
654 664
655 280
656 35
657 219
657 314
657 333
657 335
657 336
657 621
657 658
657 663
658 219
658 621
658 657
659 660
659 661
660 659
660 661
661 659
661 660
662 298
663 219
663 657
664 654
665 40
666 667
667 666
668 83
669 670
669 671
670 669
670 671
670 903
671 669
671 670
671 781
671 782
672 639
673 283
673 314
673 519
673 689
674 622
674 675
675 622
675 674
676 677
676 678
676 679
677 676
677 678
677 679
678 676
678 677
678 679
679 676
679 677
679 678
680 681
680 682
680 690
681 680
681 682
682 680
682 681
682 690
683 43
683 684
684 43
684 683
685 47
685 878
686 508
687 688
688 687
689 673
690 680
690 682
690 864
690 1090
690 1095
691 692
692 691
693 264
693 694
694 264
694 693
694 756
695 696
696 695
697 698
697 699
698 697
698 699
699 697
699 698
700 585
700 701
700 739
700 889
700 890
701 700
701 725
701 726
701 727
702 703
702 704
703 702
703 704
703 714
703 770
703 771
703 941
703 942
704 702
704 703
705 264
705 647
705 741
705 931
706 707
706 708
706 712
706 722
707 706
707 708
707 712
707 722
708 706
708 707
708 712
708 722
709 710
709 711
710 709
710 711
711 709
711 710
712 706
712 707
712 708
712 722
713 714
714 703
714 713
714 770
714 771
714 941
714 942
715 716
715 717
715 718
715 719
715 739
715 763
716 715
717 715
717 718
717 719
718 715
718 717
718 719
719 715
719 717
719 718
720 55
720 721
720 932
721 55
721 720
721 932
722 706
722 707
722 708
722 712
723 724
724 723
725 701
725 726
725 727
725 764
726 701
726 725
726 727
726 764
726 945
727 701
727 725
727 726
727 764
728 61
728 729
728 730
728 740
729 61
729 728
729 730
730 61
730 728
730 729
730 772
730 773
730 946
731 243
731 732
732 243
732 731
732 938
733 61
734 735
735 734
736 737
736 738
737 736
737 738
738 736
738 737
739 585
739 700
739 715
739 890
740 728
741 264
741 452
741 647
741 705
741 774
741 931
742 276
742 743
743 742
743 904
743 911
744 745
745 744
746 747
747 746
748 305
748 306
748 749
749 305
749 306
749 748
749 1058
750 751
750 752
750 767
750 768
751 750
752 750
753 306
753 366
753 754
754 306
754 366
754 753
755 756
755 879
756 694
756 755
757 758
758 757
759 760
760 759
760 766
761 762
762 761
763 715
764 725
764 726
764 727
765 250
766 760
767 750
767 768
767 769
768 750
768 767
768 769
769 767
769 768
770 703
770 714
770 771
771 703
771 714
771 770
772 730
772 773
773 730
773 772
774 264
774 647
774 741
775 118
775 287
775 776
775 777
776 118
776 287
776 775
776 777
777 118
777 287
777 775
777 776
778 779
778 780
779 778
779 780
780 778
780 779
781 671
781 782
782 671
782 781
783 784
783 988
783 1188
784 783
784 984
784 988
784 1023
784 1024
784 1188
785 530
785 553
785 554
785 811
786 787
787 786
788 789
788 790
788 906
788 907
789 788
789 790
790 788
790 789
790 989
791 792
792 791
793 794
793 795
794 793
794 795
795 793
795 794
796 35
796 254
796 802
796 803
797 530
798 799
799 798
800 219
800 801
801 219
801 800
802 35
802 796
802 803
803 35
803 796
803 802
804 805
805 804
806 807
806 1168
807 806
808 809
808 975
809 808
810 35
811 530
811 554
811 785
812 139
813 814
814 813
815 816
816 815
817 818
818 817
819 450
819 451
820 821
821 820
822 823
823 822
824 825
825 824
825 837
826 827
827 826
828 829
828 830
828 831
828 832
829 828
829 830
829 831
829 832
830 828
830 829
830 831
830 832
830 836
831 828
831 829
831 830
831 832
832 828
832 829
832 830
832 831
833 834
833 835
834 833
834 835
835 833
835 834
836 830
837 825
838 839
839 838
840 841
840 1069
841 840
842 843
843 842
844 607
844 845
845 607
845 644
845 844
846 233
846 974
846 975
846 981
846 1232
847 566
847 586
848 849
849 848
850 851
850 1105
850 1136
850 1161
851 850
852 853
853 852
854 645
855 856
856 855
857 858
858 857
858 1156
859 860
860 859
861 499
862 863
862 865
863 862
864 574
864 690
865 862
866 109
867 868
867 1180
868 867
869 489
869 490
870 563
870 871
871 563
871 870
872 873
873 872
874 875
875 874
876 216
876 496
877 274
877 442
878 685
879 755
880 29
880 36
881 540
881 882
882 540
882 881
882 936
883 884
884 883
885 886
886 885
887 888
887 905
888 887
889 61
889 700
889 890
889 937
890 585
890 700
890 739
890 889
891 892
891 893
892 891
892 893
892 918
893 891
893 892
893 918
894 367
894 525
895 896
896 895
896 900
897 898
898 897
899 16
900 896
901 902
902 901
902 1225
903 670
903 910
904 743
905 887
906 788
906 907
907 788
907 906
908 909
909 908
910 903
911 743
912 367
912 582
912 913
913 367
913 525
913 912
914 528
914 915
915 528
915 914
916 917
917 916
918 892
918 893
919 920
920 919
921 30
921 55
922 28
922 29
922 30
923 924
924 923
925 131
925 935
926 552
927 928
928 927
929 930
930 929
931 264
931 705
931 741
931 1127
932 55
932 720
932 721
933 934
934 933
935 925
936 882
937 61
937 889
937 1264
938 732
939 940
940 939
941 703
941 714
941 942
942 703
942 714
942 941
943 944
944 943
944 947
945 726
946 730
947 944
948 949
949 948
950 118
950 951
951 950
952 953
953 952
954 955
955 954
956 957
956 958
956 1236
957 956
957 958
957 1236
958 956
958 957
958 1236
959 960
960 301
960 959
960 986
960 1230
960 1231
961 962
962 961
963 964
964 963
964 1237
964 1271
965 966
965 967
965 995
966 965
966 967
966 1255
966 1286
967 965
967 966
968 969
968 1058
968 1077
968 1089
968 1226
969 968
970 971
971 970
972 973
973 972
974 846
974 975
974 981
974 1232
975 628
975 808
975 846
975 974
975 1235
975 1255
976 977
977 976
978 979
979 507
979 978
980 981
981 846
981 974
981 980
981 1232
982 983
983 982
983 1216
984 784
984 985
984 986
984 987
985 984
985 986
985 987
986 960
986 984
986 985
986 987
986 988
987 984
987 985
987 986
988 783
988 784
988 986
988 1188
989 790
990 991
990 992
991 990
991 992
992 990
992 991
993 994
993 1123
993 1124
994 993
995 965
995 1051
995 1052
996 997
997 996
998 999
999 998
1000 1001
1001 1000
1002 1003
1002 1004
1003 1002
1003 1004
1004 1002
1004 1003
1005 1006
1006 1005
1007 1008
1007 1261
1008 1007
1009 1010
1010 1009
1011 1012
1012 1011
1013 1014
1014 1013
1015 1016
1016 1015
1017 1018
1018 1017
1019 1020
1020 1019
1021 1022
1022 1021
1023 784
1023 1024
1024 784
1024 1023
1025 1026
1025 1027
1026 1025
1026 1027
1027 1025
1027 1026
1028 1029
1029 1028
1030 1031
1031 1030
1032 1033
1032 1134
1033 1032
1033 1134
1033 1178
1033 1179
1034 303
1034 1056
1034 1116
1035 1036
1036 1035
1037 1038
1037 1039
1038 1037
1038 1039
1038 1148
1038 1172
1038 1194
1039 1037
1039 1038
1040 1041
1040 1042
1041 1040
1041 1042
1042 1040
1042 1041
1043 1044
1044 1043
1044 1251
1045 1046
1045 1105
1046 607
1046 1045
1046 1075
1046 1105
1047 1048
1047 1223
1047 1224
1048 1047
1048 1079
1048 1117
1049 1050
1050 1049
1050 1084
1051 995
1051 1052
1052 995
1052 1051
1052 1077
1052 1146
1052 1147
1053 1054
1054 1053
1055 1056
1056 303
1056 1034
1056 1055
1057 281
1057 1058
1058 749
1058 968
1058 1057
1058 1077
1058 1089
1058 1226
1059 1060
1059 1061
1059 1100
1060 1059
1060 1061
1061 1059
1061 1060
1062 1063
1063 1062
1063 1088
1063 1089
1064 584
1064 1065
1065 1064
1066 1067
1067 1066
1068 1069
1069 840
1069 1068
1069 1143
1070 1071
1070 1074
1071 1070
1072 1073
1072 1092
1073 1072
1073 1092
1074 1070
1075 1046
1076 452
1077 968
1077 1052
1077 1058
1077 1078
1077 1089
1077 1146
1077 1147
1077 1154
1077 1155
1077 1226
1078 1077
1078 1127
1078 1174
1079 1048
1080 1081
1081 1080
1082 1083
1083 1082
1084 1050
1085 1086
1086 1085
1087 469
1087 1108
1087 1111
1087 1120
1087 1121
1088 1063
1088 1089
1089 968
1089 1058
1089 1063
1089 1077
1089 1088
1089 1226
1090 690
1090 1091
1090 1095
1091 1090
1092 1072
1092 1073
1093 1094
1094 1093
1095 690
1095 1090
1096 1097
1097 1096
1098 1099
1099 1098
1099 1142
1100 1059
1101 1102
1102 1101
1103 1104
1103 1105
1104 1103
1104 1105
1105 850
1105 1045
1105 1046
1105 1103
1105 1104
1105 1136
1105 1161
1105 1171
1105 1191
1106 1107
1107 1106
1107 1122
1108 1087
1108 1111
1109 1110
1109 1151
1110 1109
1111 1087
1111 1108
1112 627
1112 1113
1113 582
1113 627
1113 1112
1113 1213
1114 1115
1115 1114
1115 1121
1115 1185
1116 1034
1117 1048
1118 1119
1119 1118
1120 1087
1120 1121
1121 1087
1121 1115
1121 1120
1121 1185
1122 1107
1123 993
1123 1124
1124 993
1124 1123
1125 1126
1126 1125
1127 931
1127 1078
1128 1129
1129 1128
1130 1131
1130 1209
1130 1254
1131 1130
1132 1133
1133 1132
1134 1032
1134 1033
1134 1178
1134 1179
1135 1136
1135 1173
1136 850
1136 1105
1136 1135
1136 1161
1136 1173
1137 1138
1137 1139
1138 1137
1138 1139
1139 1137
1139 1138
1140 310
1140 1141
1140 1206
1140 1207
1141 1140
1142 1099
1143 1069
1144 469
1144 1145
1145 469
1145 1144
1146 1052
1146 1077
1146 1147
1147 1052
1147 1077
1147 1146
1148 1038
1149 1150
1150 1149
1151 1109
1152 1153
1153 1152
1154 1077
1154 1155
1155 1077
1155 1154
1156 858
1157 487
1158 1159
1158 1160
1159 1158
1159 1160
1159 1175
1160 1158
1160 1159
1161 850
1161 1105
1161 1136
1161 1191
1162 1163
1163 1162
1164 1165
1164 1166
1164 1167
1165 1164
1165 1166
1165 1167
1166 1164
1166 1165
1166 1167
1167 1164
1167 1165
1167 1166
1168 806
1169 1170
1170 1169
1171 1105
1172 249
1172 1038
1172 1194
1173 1135
1173 1136
1174 1078
1175 1159
1176 1177
1177 1176
1178 1033
1178 1134
1178 1179
1179 1033
1179 1134
1179 1178
1180 867
1181 1182
1182 1181
1183 1184
1184 1183
1185 1115
1185 1121
1186 1187
1187 1186
1188 783
1188 784
1188 988
1189 1190
1190 1189
1191 1105
1191 1161
1192 118
1192 1193
1192 1265
1193 118
1193 1192
1194 1038
1194 1172
1195 1196
1196 1195
1196 1256
1197 1198
1198 1197
1199 1200
1200 1199
1201 1202
1202 1201
1203 1204
1203 1205
1204 1203
1204 1205
1205 1203
1205 1204
1206 310
1206 1140
1206 1207
1207 310
1207 1140
1207 1206
1208 1209
1208 1210
1208 1211
1208 1212
1209 1130
1209 1208
1209 1210
1209 1211
1209 1212
1209 1254
1210 1208
1210 1209
1210 1211
1210 1212
1211 1208
1211 1209
1211 1210
1211 1212
1212 1208
1212 1209
1212 1210
1212 1211
1213 582
1213 1113
1213 1229
1214 1215
1215 1214
1216 983
1217 1218
1218 1217
1219 1220
1220 1219
1221 1222
1222 1221
1223 1047
1223 1224
1224 1047
1224 1223
1225 902
1226 968
1226 1058
1226 1077
1226 1089
1227 1228
1228 1227
1229 1213
1230 960
1230 1231
1231 960
1231 1230
1232 846
1232 974
1232 981
1233 1234
1233 1266
1233 1267
1234 1233
1235 975
1236 956
1236 957
1236 958
1237 964
1238 1239
1238 1268
1239 1238
1239 1268
1240 1241
1241 1240
1242 48
1243 1244
1243 1282
1243 1283
1244 1243
1245 1246
1245 1247
1246 1245
1246 1247
1247 1245
1247 1246
1248 1249
1248 1250
1249 1248
1249 1250
1250 1248
1250 1249
1251 1044
1252 1253
1253 1252
1254 1130
1254 1209
1255 628
1255 966
1255 975
1256 1196
1257 1258
1258 1257
1259 1260
1260 1259
1261 1007
1262 1263
1263 1262
1264 937
1265 1192
1266 1233
1266 1267
1267 1233
1267 1266
1268 1238
1268 1239
1269 1270
1270 1269
1271 964
1272 1273
1273 1272
1274 1275
1275 1274
1276 1277
1277 1276
1278 1279
1279 1278
1280 1281
1281 1280
1282 1243
1282 1283
1283 1243
1283 1282
1284 1285
1285 1284
1286 966
1287 1288
1288 1287
1288 1289
1289 1288
