1 2
2 1
3 4
4 3
5 6
5 7
5 35
6 5
6 7
7 5
7 6
7 34
7 35
7 53
8 9
9 8
9 19
9 21
10 11
10 12
11 10
11 12
11 43
12 10
12 11
13 14
14 13
15 16
15 17
16 15
16 17
16 600
16 782
17 15
17 16
18 19
18 20
18 621
19 9
19 18
19 20
19 21
20 18
20 19
21 9
21 19
21 34
21 35
22 23
23 22
24 25
24 677
25 24
26 27
27 26
28 29
29 28
30 31
31 30
32 33
33 32
34 7
34 21
34 35
34 50
34 53
34 586
35 5
35 7
35 21
35 34
36 37
37 36
38 39
38 40
39 38
39 40
40 38
40 39
41 42
42 41
42 54
43 11
44 45
45 44
46 47
46 669
46 679
46 680
47 46
47 648
47 649
47 668
47 669
47 671
47 673
47 674
47 704
47 884
47 886
47 888
48 49
49 48
50 34
51 52
52 51
53 7
53 34
53 174
54 42
54 607
55 56
55 57
56 55
56 57
57 55
57 56
58 59
58 60
59 58
59 60
60 58
60 59
61 62
62 61
63 64
64 63
65 66
65 67
66 65
66 67
67 65
67 66
68 69
68 70
68 71
69 68
69 70
69 71
70 68
70 69
70 71
71 68
71 69
71 70
71 297
71 399
71 465
72 73
72 81
73 72
74 75
75 74
76 77
76 78
76 83
77 76
77 78
78 76
78 77
79 80
80 79
81 72
82 83
83 76
83 82
83 426
84 85
85 84
86 87
87 86
88 89
88 90
89 88
89 90
90 88
90 89
91 92
92 91
93 94
93 95
94 93
94 95
95 93
95 94
96 97
96 98
97 96
97 98
98 96
98 97
98 107
98 112
99 100
99 292
99 293
100 99
100 292
100 293
101 102
102 101
103 104
104 103
105 106
106 105
107 98
108 109
109 108
110 111
111 110
112 98
113 114
114 113
114 115
115 114
116 117
117 116
118 119
118 120
119 118
119 120
119 319
119 320
120 118
120 119
121 122
121 123
122 121
122 123
123 121
123 122
123 185
124 125
125 124
126 127
126 128
126 247
127 126
128 126
128 247
129 130
129 131
130 129
130 131
131 129
131 130
132 133
133 132
133 200
133 201
134 135
135 134
136 137
137 136
137 1078
138 139
139 138
140 141
141 140
142 143
143 142
144 145
145 144
146 147
147 146
148 149
149 148
149 160
150 151
150 152
151 150
151 152
152 150
152 151
153 154
154 153
155 156
155 157
155 165
156 155
156 157
156 162
156 170
156 443
157 155
157 156
157 170
157 443
158 159
159 158
160 149
160 161
160 169
161 160
161 512
162 156
163 164
164 163
165 155
165 173
166 167
166 168
167 166
167 168
168 166
168 167
169 160
170 156
170 157
171 172
172 171
172 761
172 762
173 165
174 53
175 176
175 177
176 175
177 175
177 194
178 179
179 178
180 181
180 182
180 592
180 593
181 180
181 182
181 810
181 835
182 180
182 181
182 835
183 184
184 183
185 123
186 187
187 186
188 189
188 190
188 191
189 188
189 190
189 191
190 188
190 189
190 191
191 188
191 189
191 190
192 193
192 444
193 192
194 177
195 196
196 195
196 624
197 198
197 199
198 197
198 199
198 245
198 246
199 197
199 198
199 245
199 246
200 133
200 201
201 133
201 200
202 203
203 202
203 241
204 205
205 204
206 207
207 206
208 209
208 506
209 208
209 1235
210 211
210 212
211 210
211 212
212 210
212 211
212 217
212 218
212 219
212 220
212 271
212 272
212 273
212 275
212 276
212 414
212 415
212 431
212 432
212 497
212 498
212 499
213 214
214 213
214 242
215 216
216 215
216 760
217 212
217 218
217 219
217 220
218 212
218 217
218 219
218 268
219 212
219 217
219 218
220 212
220 217
221 222
222 221
223 224
223 225
223 357
223 361
224 223
224 225
225 223
225 224
225 263
226 227
227 226
227 727
228 229
228 386
229 228
229 386
230 231
230 232
231 230
231 232
232 230
232 231
233 234
233 235
234 233
234 235
235 233
235 234
235 293
236 237
236 238
237 236
237 238
238 236
238 237
239 240
240 239
241 203
242 214
243 244
244 243
245 198
245 199
245 246
246 198
246 199
246 245
246 247
246 399
247 126
247 128
247 246
248 249
248 620
249 248
250 251
251 250
252 253
253 252
254 255
254 256
254 403
255 254
255 256
255 274
255 403
255 531
256 254
256 255
256 274
257 258
258 257
259 260
260 259
261 262
262 261
263 225
263 264
263 265
264 263
264 265
265 263
265 264
266 267
267 266
267 353
268 218
269 270
270 269
271 212
271 272
271 273
272 212
272 271
272 273
273 212
273 271
273 272
273 277
273 499
273 500
274 255
274 256
275 212
275 276
276 212
276 275
277 273
278 279
278 396
278 397
278 398
279 278
279 534
280 281
281 280
282 283
282 284
282 294
283 282
283 284
284 282
284 283
284 294
284 732
285 286
286 285
287 288
287 289
287 290
287 291
288 287
288 289
288 290
288 291
289 287
289 288
289 290
289 291
290 287
290 288
290 289
290 291
291 287
291 288
291 289
291 290
292 99
292 100
292 293
293 99
293 100
293 235
293 292
294 282
294 284
294 413
295 296
296 295
296 474
297 71
298 299
298 300
298 433
298 434
298 435
298 447
298 494
299 298
299 300
300 298
300 299
301 302
302 301
303 304
304 303
305 306
306 305
307 308
308 307
309 310
310 309
311 312
311 313
312 311
312 313
313 311
313 312
313 515
314 315
315 314
316 317
316 318
317 316
317 318
318 316
318 317
319 119
319 320
320 119
320 319
321 322
322 321
323 324
324 323
325 326
326 325
327 328
328 327
329 330
330 329
331 332
331 333
331 343
332 331
332 333
333 331
333 332
334 335
335 334
336 337
336 338
337 336
337 338
338 336
338 337
339 340
340 339
341 342
342 341
342 362
342 739
343 331
344 345
344 346
345 344
345 346
346 344
346 345
347 348
348 347
349 350
350 349
350 863
350 865
350 876
350 877
351 352
352 351
353 267
354 355
355 354
356 357
356 651
356 652
356 653
356 672
356 681
357 223
357 356
357 361
358 359
358 360
359 358
359 360
360 358
360 359
361 223
361 357
362 342
362 739
363 364
363 365
364 363
364 365
365 363
365 364
366 367
366 861
367 366
368 369
369 368
370 371
370 372
370 373
370 374
370 375
371 370
371 372
371 373
371 374
371 375
372 370
372 371
372 373
372 374
372 375
373 370
373 371
373 372
373 374
373 375
374 370
374 371
374 372
374 373
374 375
375 370
375 371
375 372
375 373
375 374
376 377
377 376
378 379
379 378
379 412
380 381
381 380
382 383
383 382
384 385
385 384
386 228
386 229
387 388
388 387
389 390
390 389
390 615
391 392
391 393
392 391
392 393
393 391
393 392
394 395
395 394
396 278
396 397
396 398
397 278
397 396
397 398
398 278
398 396
398 397
399 71
399 246
399 465
400 401
400 402
401 400
401 402
402 400
402 401
402 842
403 254
403 255
404 405
405 404
406 407
406 1205
407 406
408 409
409 408
409 637
410 411
411 410
412 379
413 294
413 1220
414 212
414 415
415 212
415 414
416 417
416 725
416 726
417 416
417 725
417 726
418 419
418 420
419 418
419 420
420 418
420 419
421 422
421 423
422 421
422 423
423 421
423 422
424 425
425 424
426 83
427 428
428 427
429 430
430 429
431 212
431 432
432 212
432 431
433 298
433 434
433 435
434 298
434 433
434 435
434 447
435 298
435 433
435 434
435 447
436 437
437 436
437 493
437 636
437 641
438 439
438 458
439 438
439 458
439 785
440 441
440 442
441 440
441 442
442 440
442 441
443 156
443 157
444 192
445 446
446 445
447 298
447 434
447 435
447 494
448 449
449 448
450 451
451 450
452 453
453 452
454 455
455 454
455 638
456 457
457 456
457 817
458 438
458 439
458 785
459 460
460 459
461 462
462 461
463 464
464 463
465 71
465 399
466 467
467 466
468 469
469 468
470 471
471 470
472 473
473 472
474 296
475 476
476 475
477 478
478 477
479 480
479 481
480 479
480 481
481 479
481 480
482 483
483 482
484 485
485 484
486 487
486 488
487 486
487 488
488 486
488 487
489 490
490 489
491 492
492 491
492 858
492 1249
493 437
494 298
494 447
495 496
495 919
495 920
496 495
497 212
497 498
498 212
498 497
499 212
499 273
499 500
500 273
500 499
501 502
501 503
501 522
502 501
503 501
504 505
505 504
506 208
507 508
508 507
509 510
509 511
510 509
510 511
511 509
511 510
512 161
513 514
514 513
515 313
516 517
517 516
518 519
519 518
520 521
521 520
522 501
523 524
524 523
525 526
526 525
527 528
528 527
529 530
530 529
531 255
532 533
532 574
533 532
533 1109
533 1145
534 279
535 536
536 535
537 538
538 537
539 540
540 539
541 542
542 541
543 544
543 1282
543 1283
544 543
545 546
546 545
547 548
548 547
549 550
549 779
550 549
551 552
551 625
552 551
552 625
552 639
552 640
553 554
553 737
553 738
554 553
555 556
556 555
557 558
557 604
557 605
558 557
559 560
559 832
560 559
561 562
562 561
562 589
562 606
562 618
563 564
564 563
564 856
565 566
565 567
566 565
566 567
567 565
567 566
568 569
568 829
569 568
570 571
570 611
571 570
572 573
573 572
573 634
574 532
575 576
575 633
576 575
577 578
578 577
579 580
580 579
581 582
582 581
583 584
583 585
583 601
583 602
583 603
584 583
584 585
585 583
585 584
585 601
585 602
585 603
586 34
587 588
588 587
589 562
590 591
591 590
592 180
592 593
593 180
593 592
593 715
593 716
594 595
595 594
596 597
597 596
598 599
599 598
600 16
601 583
601 585
601 602
601 603
602 583
602 585
602 601
602 603
603 583
603 585
603 601
603 602
604 557
604 605
605 557
605 604
606 562
606 630
607 54
607 1262
608 609
608 610
608 612
609 608
610 608
610 923
610 924
611 570
612 608
613 614
614 613
614 1114
614 1115
615 390
616 617
617 616
618 562
619 620
619 766
620 248
620 619
621 18
622 623
623 622
623 888
623 933
624 196
625 551
625 552
626 627
627 626
628 629
629 628
630 606
631 632
632 631
633 575
634 573
635 636
636 437
636 635
636 641
637 409
638 455
639 552
639 640
640 552
640 639
641 437
641 636
642 643
642 644
642 645
642 1151
643 642
643 644
643 645
644 642
644 643
644 645
644 747
644 748
645 642
645 643
645 644
645 747
645 748
646 647
647 646
648 47
648 649
648 650
648 656
648 675
649 47
649 648
649 650
649 656
649 675
649 872
649 873
650 648
650 649
650 656
651 356
651 652
651 653
651 672
651 681
652 356
652 651
652 653
652 672
652 678
652 681
653 356
653 651
653 652
653 672
653 678
653 681
654 655
655 654
656 648
656 649
656 650
657 658
658 657
659 660
660 659
661 662
662 661
663 664
663 665
664 663
664 665
664 677
664 862
665 663
665 664
665 862
666 667
666 668
666 878
666 896
667 666
667 668
667 878
667 896
668 47
668 666
668 667
668 671
668 673
668 674
668 704
668 878
669 46
669 47
669 888
670 671
671 47
671 668
671 670
671 673
671 674
671 684
671 685
671 686
671 704
672 356
672 651
672 652
672 653
672 678
672 681
673 47
673 668
673 671
673 674
673 704
674 47
674 668
674 671
674 673
674 676
674 704
675 648
675 649
676 674
677 24
677 664
678 652
678 653
678 672
679 46
679 680
680 46
680 679
681 356
681 651
681 652
681 653
681 672
682 683
682 703
682 875
683 682
684 671
685 671
685 686
686 671
686 685
687 688
688 687
689 690
690 689
690 927
691 692
692 691
693 694
694 693
694 887
695 696
696 695
697 698
698 697
699 700
700 699
700 874
701 702
701 703
701 928
701 931
701 932
701 934
702 701
702 703
702 875
703 682
703 701
703 702
703 875
704 47
704 668
704 671
704 673
704 674
704 713
704 714
704 879
705 706
705 707
706 705
706 707
707 705
707 706
708 709
708 710
708 883
709 708
709 710
710 708
710 709
710 865
710 880
710 881
710 883
710 884
710 885
710 886
711 712
712 711
713 704
713 714
714 704
714 713
715 593
715 716
716 593
716 715
717 718
718 717
718 1280
718 1281
719 720
719 721
719 722
720 719
720 721
720 722
721 719
721 720
721 722
721 895
722 719
722 720
722 721
723 724
724 723
725 416
725 417
725 726
726 416
726 417
726 725
727 227
727 740
727 741
728 729
728 730
728 731
729 728
729 730
729 731
730 728
730 729
730 731
731 728
731 729
731 730
731 733
731 734
731 746
731 767
731 768
731 769
732 284
733 731
733 734
733 744
733 745
734 731
734 733
734 744
734 745
734 955
734 1269
734 1270
735 736
736 735
737 553
737 738
738 553
738 737
739 342
739 362
740 727
740 741
741 727
741 740
742 743
743 742
744 733
744 734
744 745
744 1068
744 1126
744 1127
745 733
745 734
745 744
746 731
747 644
747 645
747 748
748 644
748 645
748 747
749 750
750 749
751 752
752 751
753 754
754 753
755 756
755 757
756 755
756 757
757 755
757 756
758 759
759 758
760 216
761 172
761 762
762 172
762 761
763 764
763 765
764 763
764 765
765 763
765 764
766 619
767 731
767 768
767 769
767 1072
767 1152
767 1191
768 731
768 767
768 769
769 731
769 767
769 768
770 771
771 770
772 773
772 774
773 772
773 774
773 782
774 772
774 773
775 776
776 775
777 778
778 777
779 549
780 781
781 780
782 16
782 773
783 784
784 783
785 439
785 458
786 787
787 786
788 789
789 788
790 791
791 790
792 793
792 794
793 792
793 794
793 807
793 808
793 809
794 792
794 793
795 796
796 795
796 806
796 1273
797 798
798 797
799 800
800 799
801 802
801 803
802 801
802 803
803 801
803 802
804 805
805 804
806 796
807 793
807 808
807 809
808 793
808 807
808 809
809 793
809 807
809 808
810 181
811 812
812 811
813 814
814 813
815 816
816 815
817 457
818 819
818 820
819 818
819 820
820 818
820 819
821 822
822 821
823 824
823 1005
823 1099
823 1100
823 1101
823 1264
824 823
825 826
825 1141
826 825
827 828
827 841
828 827
828 841
829 568
830 831
831 830
831 1091
832 559
833 834
834 833
835 181
835 182
836 837
836 838
837 836
837 838
838 836
838 837
839 840
840 839
840 1080
841 827
841 828
842 402
843 844
844 843
845 846
846 845
847 848
847 849
847 855
848 847
848 849
849 847
849 848
850 851
850 852
851 850
851 852
852 850
852 851
853 854
854 853
855 847
856 564
857 858
858 492
858 857
858 1231
858 1249
859 860
860 859
861 366
862 664
862 665
863 350
863 864
863 865
863 870
863 871
863 876
863 877
863 897
863 898
864 863
864 865
864 870
864 871
864 897
864 898
865 350
865 710
865 863
865 864
865 876
865 877
865 880
865 881
865 882
865 883
865 884
865 885
865 886
865 905
865 906
865 909
865 915
866 867
867 866
868 869
869 868
870 863
870 864
870 871
870 935
870 936
871 863
871 864
871 870
872 649
872 873
873 649
873 872
874 700
875 682
875 702
875 703
876 350
876 863
876 865
876 877
877 350
877 863
877 865
877 876
878 666
878 667
878 668
879 704
880 710
880 865
880 881
880 884
880 885
880 886
881 710
881 865
881 880
882 865
883 708
883 710
883 865
883 905
883 906
883 909
884 47
884 710
884 865
884 880
884 885
884 886
885 710
885 865
885 880
885 884
885 886
886 47
886 710
886 865
886 880
886 884
886 885
886 912
886 913
887 694
887 1263
888 47
888 623
888 669
888 933
889 890
889 1023
889 1171
890 889
891 892
892 891
893 894
894 893
894 914
895 721
895 1032
896 666
896 667
897 863
897 864
897 898
898 863
898 864
898 897
899 900
900 899
900 910
901 902
902 901
903 904
903 911
904 903
905 865
905 883
905 906
906 865
906 883
906 905
907 908
908 907
909 865
909 883
910 900
911 903
912 886
912 913
913 886
913 912
914 894
915 865
916 917
916 918
917 916
917 918
918 916
918 917
919 495
919 920
920 495
920 919
921 922
922 921
923 610
923 924
924 610
924 923
925 926
926 925
927 690
928 701
929 930
930 929
931 701
931 932
931 934
932 701
932 931
933 623
933 888
934 701
934 931
935 870
935 936
936 870
936 935
937 938
938 937
939 940
939 969
940 939
941 942
942 941
943 944
944 943
944 978
944 979
945 946
946 945
946 1286
947 948
947 949
948 947
948 949
948 1294
949 947
949 948
949 1002
950 951
950 1221
950 1244
951 950
951 1199
952 953
952 954
953 952
953 954
953 1001
954 952
954 953
954 1001
955 734
956 957
957 956
957 1181
957 1182
957 1183
957 1184
957 1185
957 1186
957 1187
957 1188
957 1245
958 959
959 958
959 1003
960 961
961 960
961 998
961 1268
962 963
962 1073
962 1215
962 1216
963 962
964 965
965 964
966 967
966 968
967 966
967 968
968 966
968 967
968 1138
968 1139
969 939
970 971
970 972
971 970
971 972
972 970
972 971
973 974
973 975
974 973
974 975
975 973
975 974
976 977
977 976
977 1177
977 1178
978 944
978 979
979 944
979 978
980 981
980 982
981 980
981 982
982 980
982 981
983 984
984 983
985 986
985 987
986 985
986 987
987 985
987 986
988 989
988 990
989 988
989 990
990 988
990 989
991 992
992 991
993 994
994 993
995 996
996 995
997 998
998 961
998 997
998 1268
999 1000
1000 999
1000 1007
1000 1009
1001 953
1001 954
1002 949
1003 959
1004 1005
1004 1006
1004 1007
1004 1008
1004 1009
1005 823
1005 1004
1005 1006
1005 1007
1005 1008
1005 1009
1005 1101
1005 1264
1006 1004
1006 1005
1006 1007
1006 1008
1006 1009
1007 1000
1007 1004
1007 1005
1007 1006
1007 1008
1007 1009
1008 1004
1008 1005
1008 1006
1008 1007
1008 1009
1009 1000
1009 1004
1009 1005
1009 1006
1009 1007
1009 1008
1010 1011
1010 1012
1011 1010
1011 1012
1012 1010
1012 1011
1013 1014
1014 1013
1014 1102
1014 1103
1015 1016
1015 1026
1016 1015
1017 1018
1017 1019
1018 1017
1018 1019
1018 1176
1019 1017
1019 1018
1020 1021
1021 1020
1021 1206
1022 1023
1022 1171
1023 889
1023 1022
1023 1171
1024 1025
1025 1024
1026 1015
1027 1028
1027 1160
1028 1027
1028 1192
1029 1030
1030 1029
1031 1032
1032 895
1032 1031
1033 1034
1033 1035
1034 1033
1034 1035
1035 1033
1035 1034
1036 1037
1036 1038
1037 1036
1037 1038
1037 1045
1037 1046
1038 1036
1038 1037
1038 1144
1039 1040
1040 1039
1041 1042
1042 1041
1042 1131
1042 1146
1043 1044
1044 1043
1044 1050
1044 1051
1045 1037
1045 1046
1045 1047
1046 1037
1046 1045
1046 1047
1046 1060
1046 1066
1047 1045
1047 1046
1048 1049
1049 1048
1049 1119
1050 1044
1050 1051
1051 1044
1051 1050
1052 1053
1053 1052
1054 1055
1054 1061
1055 1054
1056 1057
1057 1056
1057 1124
1058 1059
1059 1058
1060 1046
1061 1054
1062 1063
1063 1062
1064 1065
1064 1066
1065 1064
1065 1066
1065 1154
1066 1046
1066 1064
1066 1065
1066 1137
1067 1068
1067 1069
1068 744
1068 1067
1068 1069
1068 1072
1068 1112
1068 1113
1068 1126
1068 1127
1068 1152
1069 1067
1069 1068
1069 1072
1069 1112
1069 1113
1069 1152
1070 1071
1071 1070
1072 767
1072 1068
1072 1069
1072 1152
1072 1191
1073 962
1073 1074
1073 1215
1073 1216
1074 1073
1075 1076
1075 1077
1076 1075
1076 1077
1077 1075
1077 1076
1078 137
1079 1080
1080 840
1080 1079
1081 1082
1082 1081
1083 1084
1084 1083
1085 1086
1086 1085
1087 1088
1087 1131
1088 1087
1088 1131
1089 1090
1090 1089
1090 1134
1091 831
1092 1093
1093 1092
1093 1125
1094 1095
1094 1096
1095 1094
1095 1096
1096 1094
1096 1095
1096 1153
1097 1098
1098 1097
1099 823
1099 1100
1099 1101
1100 823
1100 1099
1100 1101
1101 823
1101 1005
1101 1099
1101 1100
1101 1264
1102 1014
1102 1103
1102 1116
1103 1014
1103 1102
1104 1105
1105 1104
1105 1128
1105 1299
1106 1107
1107 1106
1108 1109
1109 533
1109 1108
1109 1145
1110 1111
1111 1110
1112 1068
1112 1069
1112 1113
1113 1068
1113 1069
1113 1112
1114 614
1114 1115
1115 614
1115 1114
1116 1102
1117 1118
1118 1117
1119 1049
1120 1121
1121 1120
1122 1123
1123 1122
1124 1057
1125 1093
1126 744
1126 1068
1126 1127
1127 744
1127 1068
1127 1126
1128 1105
1129 1130
1130 1129
1131 1042
1131 1087
1131 1088
1131 1146
1132 1133
1133 1132
1134 1090
1135 1136
1135 1214
1135 1222
1136 1135
1137 1066
1138 968
1138 1139
1138 1297
1138 1298
1139 968
1139 1138
1140 1141
1141 825
1141 1140
1142 1143
1143 1142
1144 1038
1145 533
1145 1109
1146 1042
1146 1131
1146 1296
1147 1148
1148 1147
1149 1150
1149 1161
1149 1200
1149 1201
1149 1226
1149 1227
1150 1149
1151 642
1152 767
1152 1068
1152 1069
1152 1072
1152 1191
1153 1096
1154 1065
1155 1156
1155 1157
1156 1155
1156 1157
1157 1155
1157 1156
1158 1159
1159 1158
1160 1027
1161 1149
1162 1163
1162 1164
1163 1162
1163 1164
1164 1162
1164 1163
1165 1166
1166 1165
1167 1168
1167 1267
1168 1167
1169 1170
1170 1169
1171 889
1171 1022
1171 1023
1172 1173
1173 1172
1173 1234
1174 1175
1175 1174
1175 1259
1176 1018
1177 977
1177 1178
1178 977
1178 1177
1179 1180
1179 1204
1180 1179
1180 1204
1181 957
1181 1182
1181 1183
1182 957
1182 1181
1182 1183
1183 957
1183 1181
1183 1182
1184 957
1184 1185
1184 1186
1184 1187
1184 1188
1185 957
1185 1184
1185 1186
1185 1187
1185 1188
1186 957
1186 1184
1186 1185
1186 1187
1186 1188
1187 957
1187 1184
1187 1185
1187 1186
1187 1188
1188 957
1188 1184
1188 1185
1188 1186
1188 1187
1189 1190
1190 1189
1191 767
1191 1072
1191 1152
1192 1028
1193 1194
1194 1193
1195 1196
1196 1195
1197 1198
1198 1197
1199 951
1199 1250
1200 1149
1200 1201
1201 1149
1201 1200
1202 1203
1203 1202
1204 1179
1204 1180
1204 1243
1205 406
1206 1021
1207 1208
1207 1209
1208 1207
1208 1209
1208 1236
1209 1207
1209 1208
1210 1211
1211 1210
1212 1213
1213 1212
1214 1135
1215 962
1215 1073
1215 1216
1216 962
1216 1073
1216 1215
1217 1218
1217 1219
1218 1217
1218 1219
1219 1217
1219 1218
1220 413
1221 950
1222 1135
1223 1224
1223 1225
1224 1223
1224 1225
1225 1223
1225 1224
1226 1149
1226 1227
1227 1149
1227 1226
1228 1229
1229 1228
1230 1231
1231 858
1231 1230
1232 1233
1233 1232
1234 1173
1235 209
1236 1208
1237 1238
1238 1237
1239 1240
1240 1239
1241 1242
1242 1241
1243 1204
1244 950
1245 957
1246 1247
1246 1248
1247 1246
1247 1248
1248 1246
1248 1247
1249 492
1249 858
1250 1199
1251 1252
1252 1251
1253 1254
1254 1253
1255 1256
1256 1255
1257 1258
1258 1257
1259 1175
1260 1261
1261 1260
1262 607
1263 887
1264 823
1264 1005
1264 1101
1265 1266
1266 1265
1266 1289
1267 1167
1268 961
1268 998
1269 734
1269 1270
1270 734
1270 1269
1271 1272
1272 1271
1273 796
1274 1275
1275 1274
1276 1277
1277 1276
1278 1279
1279 1278
1280 718
1280 1281
1281 718
1281 1280
1282 543
1282 1283
1283 543
1283 1282
1284 1285
1285 1284
1286 946
1287 1288
1288 1287
1289 1266
1290 1291
1291 1290
1292 1293
1293 1292
1294 948
1295 1296
1296 1146
1296 1295
1297 1138
1297 1298
1298 1138
1298 1297
1299 1105
1300 1301
1301 1300
