1 2
2 1
2 474
2 695
2 696
2 697
2 698
2 699
3 4
3 5
3 6
4 3
5 3
5 6
5 25
6 3
6 5
7 8
8 7
9 10
9 11
9 12
10 9
10 11
10 12
11 9
11 10
11 12
12 9
12 10
12 11
13 14
14 13
15 16
15 17
15 621
16 15
16 17
17 15
17 16
17 22
18 19
19 18
20 21
20 410
21 20
22 17
23 24
24 23
24 42
25 5
26 27
26 33
27 26
28 29
28 41
29 28
30 31
30 400
30 401
31 30
31 272
32 33
33 26
33 32
34 35
34 36
35 34
35 36
36 34
36 35
37 38
38 37
39 40
40 39
41 28
42 24
42 223
43 44
44 43
45 46
46 45
46 153
46 442
46 443
47 48
48 47
49 50
50 49
51 52
52 51
53 54
54 53
55 56
56 55
57 58
58 57
58 59
59 58
60 61
61 60
62 63
63 62
64 65
65 64
65 195
65 381
65 473
66 67
67 66
68 69
69 68
69 225
70 71
70 72
71 70
71 72
72 70
72 71
73 74
74 73
75 76
75 631
75 665
75 666
75 667
75 676
75 1226
75 1267
76 75
77 78
78 77
79 80
80 79
80 275
80 276
81 82
81 83
82 81
82 83
83 81
83 82
83 88
83 89
83 90
83 620
83 636
83 764
84 85
85 84
86 87
87 86
88 83
88 89
88 90
88 620
88 764
89 83
89 88
89 90
90 83
90 88
90 89
90 594
90 604
91 92
92 91
93 94
93 409
93 865
93 866
93 1044
93 1099
94 93
94 733
94 857
94 858
94 859
94 860
94 865
94 866
94 867
94 883
94 884
95 96
96 95
97 98
98 97
99 100
100 99
100 605
101 102
102 101
103 104
104 103
105 106
105 599
106 105
107 108
108 107
109 110
110 109
111 112
112 111
112 114
112 126
112 127
113 114
114 112
114 113
115 116
116 115
117 118
118 117
119 120
120 119
121 122
122 121
123 124
123 125
123 126
124 123
124 125
124 126
125 123
125 124
125 126
126 112
126 123
126 124
126 125
126 127
127 112
127 126
128 129
129 128
130 131
131 130
132 133
133 132
133 824
134 135
135 134
136 137
137 136
138 139
139 138
140 141
141 140
141 231
141 232
142 143
143 142
144 145
144 146
144 163
144 489
145 144
145 146
145 489
146 144
146 145
146 163
146 1102
146 1110
146 1132
147 148
147 149
148 147
148 149
149 147
149 148
150 151
150 152
151 150
151 152
152 150
152 151
153 46
153 154
153 442
153 443
153 795
153 796
154 153
154 1084
154 1201
154 1202
155 156
156 155
157 158
157 408
157 564
157 565
158 157
158 478
158 1069
159 160
160 159
161 162
162 161
163 144
163 146
163 164
163 165
163 166
164 163
164 165
164 166
165 163
165 164
165 166
166 163
166 164
166 165
167 168
168 167
169 170
170 169
171 172
172 171
173 174
174 173
175 176
176 175
177 178
178 177
179 180
180 179
180 181
181 180
182 183
182 184
182 269
183 182
183 184
183 269
184 182
184 183
184 257
184 269
184 472
185 186
185 187
186 185
186 187
187 185
187 186
188 189
189 188
190 191
190 530
191 190
192 193
192 595
192 636
192 860
193 192
194 195
194 274
194 905
195 65
195 194
196 197
196 198
197 196
197 198
197 300
197 412
198 196
198 197
199 200
200 199
200 297
200 827
201 202
202 201
203 204
204 203
204 209
204 622
205 206
206 205
207 208
208 207
208 451
208 630
209 204
210 211
211 210
212 213
212 214
212 243
212 288
212 292
212 321
212 471
212 475
212 476
212 477
212 535
213 212
213 214
213 243
213 288
213 292
213 321
213 471
213 475
213 476
213 477
213 535
214 212
214 213
215 216
216 215
217 218
217 219
218 217
218 219
218 319
218 320
218 429
219 217
219 218
220 221
220 222
220 928
221 220
221 222
221 311
221 312
222 220
222 221
223 42
224 225
224 226
225 69
225 224
225 226
225 249
226 224
226 225
226 428
227 228
228 227
229 230
229 247
229 251
229 451
230 229
231 141
231 232
231 446
232 141
232 231
232 291
233 234
234 233
235 236
236 235
237 238
238 237
239 240
240 239
241 242
241 243
242 241
242 243
243 212
243 213
243 241
243 242
243 288
243 471
244 245
244 454
244 455
245 244
245 454
245 455
246 247
246 248
247 229
247 246
247 248
247 251
247 451
247 612
247 613
248 246
248 247
249 225
250 251
251 229
251 247
251 250
251 264
251 430
251 431
251 451
251 492
251 509
251 510
251 606
251 607
251 608
252 253
252 254
252 307
253 252
253 254
254 252
254 253
254 263
254 264
254 307
255 256
256 255
257 184
258 259
259 258
260 261
260 262
261 260
261 262
262 260
262 261
263 254
263 264
264 251
264 254
264 263
264 285
264 286
264 400
264 492
264 509
264 510
265 266
265 267
265 268
265 900
266 265
266 267
266 268
267 265
267 266
267 268
267 906
268 265
268 266
268 267
268 906
269 182
269 183
269 184
270 271
271 270
272 31
273 274
274 194
274 273
274 905
275 80
275 276
275 1121
276 80
276 275
277 278
278 277
279 280
279 554
280 279
281 282
282 281
283 284
284 283
285 264
285 286
286 264
286 285
287 288
288 212
288 213
288 243
288 287
288 511
288 512
289 290
289 660
289 661
289 713
290 289
290 330
290 460
291 232
292 212
292 213
292 523
292 790
292 1028
293 294
294 293
295 296
296 295
297 200
298 299
298 411
299 298
300 197
301 302
302 301
303 304
304 303
305 306
306 305
307 252
307 254
308 309
308 310
308 404
308 405
308 753
308 830
308 853
308 1027
308 1044
309 308
309 310
310 308
310 309
311 221
311 312
312 221
312 311
313 314
314 313
315 316
316 315
316 746
317 318
318 317
319 218
319 320
320 218
320 319
321 212
321 213
322 323
322 324
323 322
323 324
324 322
324 323
325 326
325 327
326 325
326 327
327 325
327 326
328 329
329 328
329 485
329 486
330 290
330 921
330 1126
331 332
332 331
333 334
334 333
335 336
336 335
336 339
336 340
336 341
337 338
338 337
339 336
339 340
340 336
340 339
341 336
342 343
343 342
344 345
345 344
346 347
347 346
348 349
349 348
350 351
350 352
351 350
351 352
352 350
352 351
353 354
353 355
354 353
354 355
355 353
355 354
356 357
357 356
358 359
358 360
358 377
358 378
359 358
359 360
360 358
360 359
360 377
360 378
361 362
362 361
363 364
363 365
364 363
364 365
365 363
365 364
366 367
367 366
368 369
368 370
368 426
368 427
369 368
369 370
369 524
370 368
370 369
370 524
371 372
372 371
373 374
374 373
375 376
376 375
377 358
377 360
377 378
378 358
378 360
378 377
379 380
380 379
381 65
381 382
381 383
381 384
381 473
381 474
382 381
382 383
382 384
383 381
383 382
383 384
384 381
384 382
384 383
385 386
386 385
387 388
387 389
387 390
387 391
388 387
388 389
388 390
388 391
389 387
389 388
389 390
389 391
390 387
390 388
390 389
390 391
391 387
391 388
391 389
391 390
392 393
393 392
394 395
395 394
396 397
397 396
398 399
399 398
400 30
400 264
400 401
401 30
401 400
402 403
403 402
404 308
404 405
404 421
405 308
405 404
405 421
406 407
407 406
407 888
408 157
409 93
410 20
411 298
412 197
413 414
413 415
414 413
414 415
415 413
415 414
416 417
417 416
418 419
418 420
418 499
418 500
418 501
418 502
418 519
419 418
419 420
420 418
420 419
421 404
421 405
422 423
423 422
424 425
425 424
426 368
426 427
426 481
427 368
427 426
427 481
428 226
429 218
430 251
430 431
431 251
431 430
432 433
433 432
434 435
435 434
436 437
437 436
438 439
439 438
439 623
440 441
440 442
440 443
441 440
441 442
441 443
442 46
442 153
442 440
442 441
442 443
442 766
442 772
442 773
442 795
442 796
443 46
443 153
443 440
443 441
443 442
444 445
445 444
445 484
446 231
447 448
448 447
449 450
449 562
449 563
450 449
451 208
451 229
451 247
451 251
452 453
453 452
454 244
454 245
454 455
455 244
455 245
455 454
456 457
456 463
457 456
457 463
458 459
459 458
459 478
460 290
461 462
461 1079
462 461
463 456
463 457
464 465
465 464
466 467
466 468
466 508
467 466
467 468
468 466
468 467
469 470
469 946
469 947
469 1080
470 469
471 212
471 213
471 243
472 184
473 65
473 381
473 474
474 2
474 381
474 473
474 695
474 697
474 698
474 699
475 212
475 213
475 476
475 477
475 535
476 212
476 213
476 475
476 477
476 535
477 212
477 213
477 475
477 476
477 535
478 158
478 459
479 480
480 479
481 426
481 427
482 483
483 482
484 445
485 329
485 486
486 329
486 485
487 488
488 487
489 144
489 145
489 496
489 525
490 491
491 490
492 251
492 264
493 494
494 493
495 496
496 489
496 495
496 525
497 498
498 497
499 418
499 500
499 501
499 502
499 519
500 418
500 499
500 501
500 502
501 418
501 499
501 500
501 502
502 418
502 499
502 500
502 501
503 504
504 503
504 520
505 506
505 507
505 616
506 505
506 507
507 505
507 506
508 466
509 251
509 264
509 510
510 251
510 264
510 509
511 288
511 512
511 736
511 737
512 288
512 511
512 736
512 737
513 514
513 515
514 513
514 515
515 513
515 514
516 517
516 518
517 516
517 518
517 581
517 674
517 675
518 516
518 517
519 418
519 499
520 504
521 522
522 521
523 292
524 369
524 370
525 489
525 496
526 527
527 526
528 529
529 528
530 190
531 532
531 540
532 531
533 534
534 533
535 212
535 213
535 475
535 476
535 477
536 537
537 536
538 539
539 538
539 850
540 531
541 542
541 561
542 541
542 561
542 566
543 544
543 1033
543 1247
544 543
544 551
545 546
546 545
547 548
548 547
549 550
550 549
551 544
552 553
552 572
553 552
554 279
555 556
556 555
557 558
558 557
559 560
560 559
561 541
561 542
562 449
562 563
563 449
563 562
564 157
564 565
565 157
565 564
566 542
567 568
567 569
568 567
568 569
569 567
569 568
570 571
571 570
572 552
573 574
574 573
575 576
576 575
577 578
578 577
579 580
580 579
580 805
581 517
582 583
583 582
584 585
584 618
585 584
586 587
586 671
587 586
588 589
589 588
589 609
589 619
590 591
591 590
592 593
593 592
594 90
595 192
595 596
595 636
596 595
597 598
598 597
599 105
600 601
601 600
602 603
602 637
602 638
603 602
604 90
605 100
606 251
606 607
606 608
607 251
607 606
607 608
608 251
608 606
608 607
609 589
610 611
611 610
611 1104
612 247
612 613
613 247
613 612
614 615
614 1077
615 614
616 505
616 617
617 616
618 584
618 1033
619 589
620 83
620 88
621 15
622 204
623 439
624 625
625 624
626 627
627 626
628 629
629 628
630 208
630 765
630 766
630 804
631 75
632 633
633 632
634 635
635 634
636 83
636 192
636 595
637 602
637 638
638 602
638 637
639 640
640 639
641 642
642 641
643 644
644 643
645 646
646 645
647 648
648 647
649 650
649 651
649 652
650 649
650 651
650 652
650 664
651 649
651 650
651 652
651 662
651 731
652 649
652 650
652 651
653 654
653 655
653 656
654 653
654 655
654 656
654 663
654 714
654 715
654 732
655 653
655 654
655 656
656 653
656 654
656 655
657 658
658 657
658 679
658 680
659 660
659 661
660 289
660 659
660 661
660 713
661 289
661 659
661 660
661 668
661 713
661 896
662 651
662 663
662 719
662 731
662 891
662 898
662 899
662 911
662 912
662 913
663 654
663 662
664 650
664 718
665 75
665 666
665 667
665 676
665 684
665 685
666 75
666 665
666 667
666 676
666 684
666 685
667 75
667 665
667 666
667 676
668 661
668 669
668 670
668 713
668 896
668 897
668 908
669 668
669 670
670 668
670 669
670 710
670 879
671 586
672 673
673 672
674 517
674 675
675 517
675 674
676 75
676 665
676 666
676 667
677 678
678 677
679 658
680 658
681 682
681 683
682 681
682 683
683 681
683 682
684 665
684 666
684 685
685 665
685 666
685 684
686 687
687 686
688 689
689 688
689 863
689 864
690 691
691 690
692 693
692 694
693 692
693 694
693 909
694 692
694 693
695 2
695 474
695 696
695 697
695 698
695 699
695 907
696 2
696 695
696 697
696 711
696 734
696 735
697 2
697 474
697 695
697 696
697 698
697 699
697 914
698 2
698 474
698 695
698 697
698 699
699 2
699 474
699 695
699 697
699 698
700 701
701 700
702 703
703 702
704 705
704 719
705 704
706 707
706 717
707 706
707 717
708 709
708 820
708 915
709 708
710 670
710 878
711 696
711 712
711 734
711 735
712 711
713 289
713 660
713 661
713 668
713 896
714 654
714 715
714 716
714 728
714 729
714 730
715 654
715 714
715 716
716 714
716 715
717 706
717 707
718 664
719 662
719 704
720 721
721 720
722 723
722 910
723 722
724 725
725 724
726 727
727 726
727 882
728 714
728 729
728 730
729 714
729 728
729 730
730 714
730 728
730 729
731 651
731 662
732 654
733 94
734 696
734 711
734 735
735 696
735 711
735 734
736 511
736 512
736 737
736 954
736 955
736 1262
736 1263
737 511
737 512
737 736
738 739
738 740
739 738
739 892
740 738
741 742
741 743
741 780
741 790
742 741
742 743
742 771
743 741
743 742
743 774
743 775
744 745
745 744
745 845
746 316
747 748
748 747
749 750
749 751
750 749
750 751
751 749
751 750
752 753
753 308
753 752
754 755
754 756
755 754
755 756
756 754
756 755
757 758
758 757
759 760
759 761
760 759
760 761
761 759
761 760
762 763
763 762
764 83
764 88
765 630
765 766
766 442
766 630
766 765
766 772
766 773
767 768
767 769
767 770
767 774
767 1237
768 767
768 769
768 770
768 774
769 767
769 768
769 770
769 774
770 767
770 768
770 769
771 742
772 442
772 766
772 773
773 442
773 766
773 772
774 743
774 767
774 768
774 769
774 775
775 743
775 774
776 777
777 776
778 779
778 780
779 778
779 780
780 741
780 778
780 779
780 790
781 782
781 799
782 781
782 799
783 784
783 785
784 783
784 785
785 783
785 784
786 787
786 788
786 789
786 790
786 953
787 786
787 788
787 789
787 790
788 786
788 787
788 789
788 790
789 786
789 787
789 788
789 790
790 292
790 741
790 780
790 786
790 787
790 788
790 789
790 983
790 1028
790 1048
790 1102
790 1128
790 1151
790 1156
790 1161
790 1162
790 1226
790 1268
791 792
792 791
793 794
794 793
795 153
795 442
795 796
796 153
796 442
796 795
797 798
798 797
799 781
799 782
800 801
801 800
802 803
803 802
804 630
805 580
806 807
806 808
807 806
807 808
808 806
808 807
809 810
809 816
809 817
809 818
810 809
811 812
811 813
812 811
812 813
813 811
813 812
814 815
815 814
816 809
816 817
816 818
817 809
817 816
817 818
818 809
818 816
818 817
818 819
818 820
819 818
819 820
820 708
820 818
820 819
820 915
821 822
821 823
822 821
822 823
823 821
823 822
824 133
825 826
826 825
827 200
828 829
829 828
830 308
831 832
831 833
832 831
832 833
833 831
833 832
834 835
835 834
836 837
836 838
837 836
837 838
838 836
838 837
839 840
840 839
841 842
842 841
842 853
842 854
842 1123
842 1135
843 844
844 843
845 745
846 847
847 846
848 849
849 848
850 539
851 852
852 851
853 308
853 842
853 854
853 1044
854 842
854 853
855 856
855 870
855 885
856 855
856 870
857 94
857 858
857 859
858 94
858 857
858 859
858 871
858 872
858 873
858 874
859 94
859 857
859 858
860 94
860 192
860 867
860 883
860 884
861 862
862 861
863 689
863 864
864 689
864 863
865 93
865 94
865 866
866 93
866 94
866 865
867 94
867 860
868 869
869 868
870 855
870 856
871 858
871 872
871 873
871 874
872 858
872 871
872 873
872 874
873 858
873 871
873 872
873 874
874 858
874 871
874 872
874 873
875 876
875 877
876 875
876 877
877 875
877 876
878 710
879 670
880 881
881 880
882 727
883 94
883 860
883 883
883 884
883 1052
884 94
884 860
884 883
885 855
886 887
887 886
888 407
889 890
890 889
891 662
892 739
893 894
893 895
894 893
894 895
895 893
895 894
896 661
896 668
896 713
896 897
896 908
897 668
897 896
898 662
898 899
899 662
899 898
900 265
901 902
902 901
903 904
904 903
905 194
905 274
906 267
906 268
907 695
908 668
908 896
909 693
910 722
911 662
912 662
912 913
913 662
913 912
914 697
915 708
915 820
916 917
916 981
917 916
917 981
918 919
919 918
920 921
921 330
921 920
921 998
921 1018
921 1126
921 1144
922 923
923 922
924 925
925 924
926 927
926 1227
927 926
928 220
929 930
929 931
930 929
930 931
930 1280
930 1281
931 929
931 930
931 1280
931 1281
932 933
933 932
934 935
934 1252
935 934
936 937
937 936
938 939
938 940
939 938
939 940
940 938
940 939
941 942
942 941
943 944
944 943
945 946
945 947
945 948
945 949
946 469
946 945
946 947
946 948
946 949
946 985
946 1034
946 1035
946 1066
946 1067
946 1080
946 1122
946 1141
946 1142
946 1143
946 1165
947 469
947 945
947 946
947 948
947 949
947 953
947 1034
947 1035
947 1067
947 1080
947 1122
948 945
948 946
948 947
948 949
948 1283
949 945
949 946
949 947
949 948
950 951
950 1023
951 950
952 953
953 786
953 947
953 952
954 736
954 955
954 956
954 1246
954 1262
954 1263
955 736
955 954
955 956
955 1246
955 1262
955 1263
956 954
956 955
956 1253
957 958
958 957
958 984
958 985
959 960
959 972
959 1270
959 1300
960 959
960 972
961 962
962 961
963 964
964 963
964 973
965 966
966 965
967 968
968 967
968 992
968 1232
969 970
969 971
969 1030
969 1031
970 969
970 971
971 969
971 970
971 1098
972 959
972 960
973 964
974 975
975 974
976 977
976 978
977 976
977 978
978 976
978 977
979 980
980 979
981 916
981 917
982 983
983 790
983 982
983 1008
983 1009
983 1151
983 1268
983 1302
984 958
984 985
985 946
985 958
985 984
985 1014
985 1083
985 1084
985 1140
986 987
987 986
988 989
988 990
988 991
989 988
989 990
989 991
990 988
990 989
990 991
991 988
991 989
991 990
992 968
992 1232
993 994
993 995
994 993
994 995
995 993
995 994
995 1221
996 997
997 996
998 921
999 1000
1000 999
1001 1002
1002 1001
1003 1004
1003 1005
1004 1003
1004 1005
1004 1095
1004 1187
1005 1003
1005 1004
1006 1007
1007 1006
1008 983
1008 1009
1009 983
1009 1008
1010 1011
1010 1012
1010 1078
1010 1111
1011 1010
1011 1012
1011 1169
1012 1010
1012 1011
1013 1014
1014 985
1014 1013
1014 1275
1015 1016
1015 1017
1016 1015
1016 1017
1017 1015
1017 1016
1018 921
1018 1026
1018 1103
1018 1177
1019 1020
1020 1019
1020 1044
1020 1085
1020 1092
1021 1022
1022 1021
1023 950
1024 1025
1025 1024
1026 1018
1026 1027
1026 1103
1027 308
1027 1026
1027 1159
1028 292
1028 790
1028 1048
1028 1128
1029 1030
1029 1031
1030 969
1030 1029
1030 1031
1031 969
1031 1029
1031 1030
1032 1033
1033 543
1033 618
1033 1032
1033 1173
1033 1195
1034 946
1034 947
1034 1035
1034 1240
1034 1241
1035 946
1035 947
1035 1034
1036 1037
1036 1038
1037 1036
1037 1038
1037 1188
1038 1036
1038 1037
1039 1040
1039 1127
1040 1039
1041 1042
1042 1041
1043 1044
1044 93
1044 308
1044 853
1044 1020
1044 1043
1044 1059
1044 1085
1044 1099
1044 1172
1045 1046
1045 1047
1046 1045
1046 1047
1047 1045
1047 1046
1048 790
1048 1028
1048 1225
1049 1050
1050 1049
1051 1052
1051 1079
1051 1096
1051 1097
1051 1114
1052 883
1052 1051
1052 1178
1053 1054
1054 1053
1055 1056
1056 1055
1057 1058
1058 1057
1059 1044
1059 1061
1059 1184
1060 1061
1061 1059
1061 1060
1061 1157
1061 1192
1062 1063
1062 1082
1062 1114
1063 1062
1064 1065
1064 1066
1065 1064
1065 1066
1066 946
1066 1064
1066 1065
1066 1080
1067 946
1067 947
1067 1068
1067 1080
1068 1067
1069 158
1070 1071
1070 1159
1070 1160
1071 1070
1071 1159
1071 1160
1072 1073
1072 1074
1073 1072
1073 1074
1074 1072
1074 1073
1075 1076
1076 1075
1077 614
1078 1010
1079 461
1079 1051
1079 1096
1079 1097
1079 1114
1080 469
1080 946
1080 947
1080 1066
1080 1067
1080 1165
1081 1082
1082 1062
1082 1081
1082 1114
1082 1212
1083 985
1083 1084
1084 154
1084 985
1084 1083
1085 1020
1085 1044
1086 1087
1087 1086
1087 1196
1088 1089
1089 1088
1090 1091
1091 1090
1092 1020
1093 1094
1094 1093
1095 1004
1095 1187
1096 1051
1096 1079
1096 1097
1096 1114
1096 1166
1097 1051
1097 1079
1097 1096
1097 1114
1098 971
1098 1168
1098 1189
1099 93
1099 1044
1100 1101
1101 1100
1102 146
1102 790
1102 1110
1102 1132
1103 1018
1103 1026
1104 611
1104 1105
1105 1104
1105 1163
1105 1164
1105 1234
1106 1107
1106 1108
1106 1109
1107 1106
1107 1108
1107 1109
1108 1106
1108 1107
1108 1109
1109 1106
1109 1107
1109 1108
1110 146
1110 1102
1110 1132
1111 1010
1112 1113
1112 1131
1113 1112
1114 1051
1114 1062
1114 1079
1114 1082
1114 1096
1114 1097
1114 1166
1114 1212
1115 1116
1116 1115
1117 1118
1117 1119
1118 1117
1118 1119
1119 1117
1119 1118
1120 1121
1121 275
1121 1120
1122 946
1122 947
1123 842
1124 1125
1125 1124
1125 1190
1126 330
1126 921
1127 1039
1127 1191
1128 790
1128 1028
1128 1156
1129 1130
1130 1129
1131 1112
1132 146
1132 1102
1132 1110
1133 1134
1134 1133
1135 842
1136 1137
1137 1136
1138 1139
1139 1138
1140 985
1141 946
1141 1142
1141 1143
1142 946
1142 1141
1142 1143
1143 946
1143 1141
1143 1142
1144 921
1145 1146
1146 1145
1147 1148
1147 1216
1148 1147
1149 1150
1150 1149
1150 1179
1150 1180
1151 790
1151 983
1152 1153
1152 1167
1153 1152
1153 1167
1154 1155
1155 1154
1156 790
1156 1128
1157 1061
1157 1158
1158 1157
1158 1162
1159 1027
1159 1070
1159 1071
1159 1160
1160 1070
1160 1071
1160 1159
1160 1181
1160 1183
1160 1203
1161 790
1161 1162
1162 790
1162 1158
1162 1161
1163 1105
1163 1164
1164 1105
1164 1163
1164 1234
1165 946
1165 1080
1166 1096
1166 1114
1167 1152
1167 1153
1168 1098
1169 1011
1170 1171
1171 1170
1172 1044
1173 1033
1173 1195
1174 1175
1174 1176
1175 1174
1175 1176
1176 1174
1176 1175
1177 1018
1178 1052
1179 1150
1179 1180
1180 1150
1180 1179
1181 1160
1181 1182
1181 1183
1182 1181
1182 1183
1183 1160
1183 1181
1183 1182
1184 1059
1185 1186
1186 1185
1187 1004
1187 1095
1188 1037
1189 1098
1190 1125
1191 1127
1192 1061
1193 1194
1194 1193
1195 1033
1195 1173
1196 1087
1197 1198
1198 1197
1199 1200
1200 1199
1201 154
1201 1202
1202 154
1202 1201
1203 1160
1204 1205
1205 1204
1206 1207
1206 1292
1207 1206
1207 1301
1208 1209
1209 1208
1210 1211
1211 1210
1212 1082
1212 1114
1213 1214
1214 1213
1215 1216
1216 1147
1216 1215
1217 1218
1218 1217
1219 1220
1220 1219
1221 995
1221 1273
1221 1274
1222 1223
1222 1224
1223 1222
1223 1224
1224 1222
1224 1223
1225 1048
1225 1226
1225 1230
1226 75
1226 790
1226 1225
1226 1267
1226 1269
1227 926
1228 1229
1229 1228
1230 1225
1230 1231
1231 1230
1232 968
1232 992
1233 1234
1233 1282
1234 1105
1234 1164
1234 1233
1235 1236
1236 1235
1237 767
1238 1239
1239 1238
1240 1034
1240 1241
1241 1034
1241 1240
1242 1243
1243 1242
1244 1245
1245 1244
1246 954
1246 955
1247 543
1248 1249
1249 1248
1250 1251
1251 1250
1251 1257
1252 934
1253 956
1254 1255
1254 1256
1255 1254
1255 1256
1256 1254
1256 1255
1257 1251
1258 1259
1259 1258
1260 1261
1261 1260
1262 736
1262 954
1262 955
1262 1263
1263 736
1263 954
1263 955
1263 1262
1264 1265
1264 1266
1265 1264
1265 1266
1266 1264
1266 1265
1267 75
1267 1226
1268 790
1268 983
1269 1226
1270 959
1270 1300
1271 1272
1272 1271
1273 1221
1273 1274
1274 1221
1274 1273
1275 1014
1276 1277
1277 1276
1278 1279
1278 1293
1279 1278
1280 930
1280 931
1280 1281
1281 930
1281 931
1281 1280
1282 1233
1283 948
1284 1285
1285 1284
1286 1287
1287 1286
1288 1289
1289 1288
1290 1291
1291 1290
1292 1206
1293 1278
1294 1295
1295 1294
1296 1297
1297 1296
1298 1299
1299 1298
1300 959
1300 1270
1301 1207
1302 983
1303 1304
1304 1303
1305 1306
1306 1305
