1 2
2 1
3 4
4 3
4 5
5 4
6 7
7 6
7 162
8 9
9 8
9 12
10 11
11 10
12 9
12 34
13 14
13 16
14 13
14 136
15 16
15 648
16 13
16 15
17 18
17 19
17 20
18 17
18 19
19 17
19 18
19 20
20 17
20 19
21 22
22 21
23 24
24 23
25 26
25 27
25 28
25 29
26 25
27 25
27 28
27 29
28 25
28 27
28 29
29 25
29 27
29 28
30 31
31 30
32 33
33 32
34 12
35 36
36 35
36 37
36 97
36 98
36 703
37 36
38 39
39 38
39 64
39 65
40 41
41 40
41 53
41 54
42 43
43 42
44 45
45 44
46 47
47 46
47 99
48 49
49 48
50 51
50 52
50 490
50 497
51 50
51 52
51 125
52 50
52 51
52 118
52 119
52 485
52 486
52 487
52 510
52 512
53 41
53 54
54 41
54 53
55 56
56 55
57 58
57 59
58 57
58 59
59 57
59 58
60 61
60 478
61 60
61 478
62 63
63 62
64 39
64 65
65 39
65 64
66 67
67 66
68 69
68 70
69 68
69 70
70 68
70 69
71 72
72 71
73 74
74 73
75 76
75 94
76 75
76 124
76 227
77 78
78 77
79 80
80 79
81 82
82 81
83 84
84 83
85 86
86 85
87 88
87 89
88 87
88 89
89 87
89 88
90 91
90 226
91 90
91 226
91 417
92 93
93 92
94 75
94 361
94 362
94 553
95 96
96 95
97 36
97 98
98 36
98 97
99 47
100 101
101 100
102 103
102 106
102 697
103 102
103 106
103 353
103 707
103 708
103 729
104 105
105 104
106 102
106 103
106 353
106 729
107 108
108 107
109 110
110 109
111 112
112 111
113 114
114 113
115 116
115 117
116 115
116 117
117 115
117 116
118 52
118 119
119 52
119 118
119 135
120 121
120 122
121 120
121 122
122 120
122 121
123 124
124 76
124 123
125 51
125 523
126 127
126 128
127 126
127 128
127 152
128 126
128 127
129 130
130 129
131 132
132 131
132 704
133 134
134 133
134 147
134 148
134 149
135 119
136 14
136 137
136 138
137 136
137 138
138 136
138 137
139 140
140 139
141 142
142 141
143 144
144 143
144 446
145 146
145 147
146 145
146 147
147 134
147 145
147 146
147 148
147 149
148 134
148 147
148 149
149 134
149 147
149 148
150 151
150 475
151 150
152 127
153 154
154 153
155 156
156 155
156 493
157 158
158 157
159 160
160 159
160 409
161 162
161 163
162 7
162 161
162 163
163 161
163 162
164 165
165 164
165 405
166 167
167 166
168 169
168 170
169 168
169 170
170 168
170 169
171 172
172 171
173 174
174 173
175 176
175 177
175 196
175 275
175 517
176 175
176 177
177 175
177 176
177 178
177 517
178 177
178 559
179 180
180 179
181 182
182 181
183 184
184 183
184 644
185 186
186 185
187 188
188 187
189 190
190 189
191 192
191 193
191 194
192 191
192 193
192 194
193 191
193 192
193 194
194 191
194 192
194 193
195 196
195 203
195 204
195 205
195 215
195 256
195 276
195 398
196 175
196 195
196 275
196 397
197 198
197 370
197 371
198 197
199 200
200 199
201 202
202 201
203 195
203 204
203 205
204 195
204 203
204 205
204 214
204 260
205 195
205 203
205 204
205 256
205 260
205 366
205 367
206 207
207 206
208 209
208 210
209 208
209 210
209 211
210 208
210 209
211 209
212 213
213 212
214 204
215 195
216 217
217 216
218 219
218 220
219 218
219 220
220 218
220 219
221 222
221 223
222 221
222 223
223 221
223 222
224 225
225 224
226 90
226 91
227 76
228 229
229 228
230 231
230 261
230 262
231 230
232 233
232 893
233 232
234 235
235 234
236 237
237 236
238 239
238 240
239 238
239 240
240 238
240 239
241 242
242 241
242 564
243 244
244 243
244 968
244 969
244 970
245 246
245 252
245 253
245 272
246 245
247 248
247 249
248 247
248 249
249 247
249 248
250 251
251 250
252 245
252 253
253 245
253 252
254 255
255 254
256 195
256 205
257 258
257 259
258 257
258 259
258 552
259 257
259 258
260 204
260 205
261 230
261 262
262 230
262 261
262 363
263 264
263 558
264 263
265 266
266 265
267 268
267 269
267 836
267 837
268 267
268 269
269 267
269 268
270 271
271 270
272 245
273 274
274 273
275 175
275 196
276 195
277 278
278 277
279 280
280 279
281 282
282 281
283 284
284 283
284 440
285 286
286 285
287 288
288 287
288 293
289 290
290 289
291 292
292 291
293 288
294 295
295 294
296 297
297 296
298 299
298 300
299 298
299 300
300 298
300 299
301 302
301 303
301 304
301 305
301 321
302 301
302 303
302 304
302 305
303 301
303 302
303 304
303 305
303 309
304 301
304 302
304 303
304 305
305 301
305 302
305 303
305 304
306 307
306 308
307 306
307 308
308 306
308 307
309 303
310 311
311 310
311 312
311 421
311 422
311 423
311 429
311 430
312 311
313 314
314 313
315 316
315 336
316 315
317 318
318 317
319 320
320 319
320 645
320 646
321 301
322 323
323 322
324 325
325 324
326 327
327 326
328 329
329 328
329 619
329 620
330 331
331 330
332 333
333 332
334 335
334 337
335 334
336 315
337 334
338 339
339 338
340 341
340 342
341 340
341 342
342 340
342 341
343 344
344 343
345 346
346 345
347 348
347 349
348 347
348 349
349 347
349 348
349 551
350 351
350 385
351 350
351 385
352 353
352 354
353 103
353 106
353 352
353 354
353 716
353 717
353 729
354 352
354 353
355 356
356 355
357 358
358 357
359 360
360 359
361 94
361 362
361 553
362 94
362 361
363 262
364 365
365 364
366 205
366 367
367 205
367 366
368 369
369 368
370 197
370 371
371 197
371 370
372 373
373 372
374 375
375 374
376 377
376 378
377 376
377 378
378 376
378 377
379 380
380 379
381 382
382 381
383 384
384 383
385 350
385 351
386 387
387 386
388 389
389 388
390 391
390 392
391 390
391 392
392 390
392 391
393 394
394 393
395 396
396 395
397 196
398 195
399 400
400 399
401 402
401 416
402 401
402 416
403 404
404 403
405 165
405 406
406 405
407 408
408 407
409 160
410 411
410 565
411 410
411 565
412 413
413 412
414 415
415 414
416 401
416 402
417 91
418 419
419 418
420 421
420 422
420 423
421 311
421 420
421 422
421 423
421 429
421 430
422 311
422 420
422 421
422 423
422 429
422 430
423 311
423 420
423 421
423 422
423 429
423 430
424 425
425 424
425 426
426 425
427 428
428 427
429 311
429 421
429 422
429 423
429 430
430 311
430 421
430 422
430 423
430 429
431 432
431 433
432 431
432 433
433 431
433 432
434 435
435 434
436 437
437 436
438 439
439 438
440 284
441 442
442 441
443 444
443 445
444 443
444 445
444 496
445 443
445 444
446 144
447 448
448 447
449 450
450 449
450 456
451 452
451 453
452 451
452 453
453 451
453 452
454 455
455 454
455 511
456 450
457 458
458 457
459 460
460 459
461 462
462 461
463 464
464 463
465 466
466 465
467 468
467 469
468 467
468 469
469 467
469 468
470 471
471 470
472 473
473 472
474 475
475 150
475 474
476 477
477 476
478 60
478 61
479 480
480 479
481 482
482 481
483 484
484 483
485 52
485 486
485 487
486 52
486 485
486 487
486 512
487 52
487 485
487 486
488 489
489 488
490 50
490 497
491 492
492 491
493 156
494 495
494 506
495 494
496 444
497 50
497 490
498 499
499 498
500 501
501 500
502 503
503 502
504 505
505 504
506 494
507 508
507 509
508 507
508 509
509 507
509 508
510 52
511 455
512 52
512 486
513 514
514 513
515 516
516 515
517 175
517 177
518 519
518 520
519 518
519 520
520 518
520 519
521 522
522 521
523 125
524 525
525 524
526 527
527 526
528 529
529 528
530 531
531 530
532 533
533 532
534 535
535 534
536 537
537 536
538 539
538 540
538 541
539 538
539 540
539 541
540 538
540 539
540 541
541 538
541 539
541 540
542 543
542 544
543 542
543 544
544 542
544 543
545 546
546 545
547 548
548 547
549 550
549 696
550 549
551 349
552 258
553 94
553 361
554 555
555 554
555 570
555 571
556 557
556 558
557 556
557 558
558 263
558 556
558 557
559 178
560 561
561 560
562 563
563 562
564 242
565 410
565 411
566 567
566 651
567 566
568 569
569 568
570 555
570 571
571 555
571 570
572 573
573 572
574 575
575 574
576 577
577 576
578 579
578 584
579 578
580 581
581 580
581 589
581 590
582 583
583 582
583 598
583 626
584 578
585 586
585 587
585 588
586 585
587 585
587 588
588 585
588 587
589 581
589 590
590 581
590 589
591 592
591 593
592 591
592 593
593 591
593 592
594 595
595 594
595 599
595 600
596 597
596 629
596 637
597 596
597 778
598 583
599 595
599 600
600 595
600 599
600 608
601 602
602 601
603 604
604 603
605 606
605 607
606 605
606 607
607 605
607 606
607 772
608 600
609 610
609 611
609 615
610 609
611 609
611 615
612 613
612 771
613 612
613 645
614 615
614 616
615 609
615 611
615 614
615 616
616 614
616 615
617 618
618 617
619 329
619 620
620 329
620 619
621 622
621 623
622 621
622 623
623 621
623 622
624 625
625 624
626 583
627 628
628 627
628 709
628 710
628 711
629 596
630 631
630 632
631 630
632 630
633 634
634 633
635 636
636 635
636 647
637 596
638 639
639 638
640 641
640 642
640 643
640 752
641 640
641 642
641 643
642 640
642 641
642 643
642 752
643 640
643 641
643 642
644 184
645 320
645 613
645 646
646 320
646 645
647 636
648 15
649 650
650 649
651 566
652 653
653 652
654 655
654 656
655 654
655 656
656 654
656 655
657 658
658 657
659 660
659 663
659 664
660 659
661 662
662 661
663 659
663 664
664 659
664 663
665 666
666 665
667 668
667 669
667 670
668 667
668 669
668 670
669 667
669 668
669 670
669 678
669 679
669 680
670 667
670 668
670 669
670 768
671 672
672 671
673 674
673 675
674 673
674 675
675 673
675 674
676 677
677 676
678 669
678 679
678 680
679 669
679 678
679 680
680 669
680 678
680 679
681 682
682 681
682 683
683 682
684 685
685 684
686 687
687 686
688 689
688 690
688 691
689 688
690 688
690 691
691 688
691 690
692 693
693 692
694 695
695 694
696 549
697 102
698 699
698 700
699 698
699 700
700 698
700 699
701 702
702 701
703 36
704 132
705 706
706 705
707 103
707 708
708 103
708 707
709 628
709 710
709 711
710 628
710 709
710 711
711 628
711 709
711 710
712 713
713 712
714 715
715 714
716 353
716 717
717 353
717 716
718 719
718 720
719 718
719 720
720 718
720 719
721 722
722 721
723 724
724 723
725 726
726 725
727 728
728 727
729 103
729 106
729 353
730 731
730 732
731 730
731 732
732 730
732 731
733 734
734 733
735 736
736 735
737 738
738 737
739 740
740 739
741 742
742 741
743 744
743 745
744 743
744 745
745 743
745 744
746 747
746 748
747 746
747 748
748 746
748 747
749 750
749 751
750 749
750 751
751 749
751 750
752 640
752 642
752 777
753 754
754 753
755 756
755 757
756 755
756 757
757 755
757 756
758 759
759 758
759 773
760 761
760 762
760 772
761 760
761 762
761 772
762 760
762 761
763 764
763 765
764 763
764 765
765 763
765 764
766 767
767 766
768 670
768 774
769 770
770 769
771 612
772 607
772 760
772 761
773 759
774 768
775 776
776 775
777 752
778 597
779 780
780 779
781 782
781 783
782 781
782 783
783 781
783 782
783 784
783 785
783 786
783 955
784 783
784 785
785 783
785 784
786 783
787 788
788 787
789 790
790 789
791 792
791 793
791 794
792 791
792 793
792 794
793 791
793 792
793 794
794 791
794 792
794 793
795 796
795 797
795 798
796 795
796 797
796 798
797 795
797 796
797 798
797 813
798 795
798 796
798 797
799 800
799 801
800 799
800 801
800 986
801 799
801 800
802 803
803 802
804 805
805 804
806 807
806 808
807 806
807 808
808 806
808 807
808 835
809 810
809 811
809 812
810 809
810 811
810 812
810 816
810 817
810 961
811 809
811 810
811 812
812 809
812 810
812 811
813 797
814 815
815 814
816 810
816 817
816 934
817 810
817 816
818 819
819 818
820 821
821 820
822 823
823 822
824 825
824 826
825 824
825 826
826 824
826 825
827 828
828 827
829 830
830 829
831 832
832 831
833 834
834 833
835 808
836 267
836 837
837 267
837 836
838 839
839 838
840 841
840 842
841 840
841 842
841 861
841 862
842 840
842 841
842 854
842 857
842 858
843 844
844 843
844 845
844 877
844 899
845 844
846 847
846 848
847 846
847 848
848 846
848 847
848 851
848 898
849 850
849 863
850 849
850 889
850 890
851 848
852 853
853 852
854 842
855 856
856 855
857 842
857 858
858 842
858 857
858 869
859 860
860 859
861 841
861 862
862 841
862 861
863 849
864 865
865 864
866 867
866 868
867 866
867 868
867 876
868 866
868 867
869 858
870 871
871 870
872 873
872 956
873 872
874 875
875 874
876 867
877 844
878 879
879 878
880 881
881 880
882 883
883 882
884 885
885 884
886 887
886 888
887 886
887 888
888 886
888 887
889 850
889 890
890 850
890 889
891 892
892 891
893 232
894 895
895 894
896 897
897 896
898 848
899 844
900 901
900 902
901 900
901 902
902 900
902 901
903 904
904 903
905 906
905 907
906 905
906 907
907 905
907 906
908 909
909 908
910 911
911 910
912 913
913 912
914 915
915 914
916 917
917 916
917 950
918 919
919 918
920 921
920 922
920 923
921 920
921 922
921 923
921 971
922 920
922 921
922 923
923 920
923 921
923 922
923 971
924 925
925 924
926 927
927 926
928 929
929 928
930 931
931 930
932 933
933 932
934 816
935 936
936 935
936 937
937 936
938 939
938 949
939 938
940 941
941 940
942 943
943 942
944 945
944 946
945 944
945 946
946 944
946 945
947 948
948 947
949 938
950 917
951 952
952 951
953 954
954 953
955 783
956 872
957 958
958 957
959 960
960 959
961 810
962 963
963 962
964 965
965 964
966 967
967 966
968 244
968 969
968 970
969 244
969 968
969 970
970 244
970 968
970 969
971 921
971 923
972 973
973 972
974 975
975 974
976 977
977 976
978 979
979 978
980 981
981 980
982 983
983 982
984 985
985 984
986 800
