1 2
1 65
2 1
3 4
4 3
5 6
5 7
6 5
6 7
7 5
7 6
8 9
8 10
9 8
9 10
10 8
10 9
11 12
12 11
13 14
14 13
14 906
15 16
16 15
17 18
18 17
18 636
19 20
20 19
21 22
21 23
22 21
22 23
22 525
23 21
23 22
24 25
24 26
25 24
25 26
26 24
26 25
27 28
27 81
28 27
28 63
28 64
28 65
28 66
28 67
28 68
28 69
28 70
28 71
28 72
28 73
29 30
30 29
31 32
32 31
33 34
34 33
35 36
36 35
36 926
36 934
37 38
37 46
37 167
37 279
38 37
39 40
40 39
41 42
42 41
43 44
43 651
44 43
44 651
44 949
45 46
46 37
46 45
46 167
46 279
47 48
48 47
49 50
50 49
51 52
51 635
52 51
52 259
52 276
52 277
53 54
54 53
55 56
56 55
57 58
58 57
59 60
60 59
61 62
62 61
63 28
63 64
63 65
63 66
63 67
63 68
63 69
63 70
63 71
63 72
63 73
64 28
64 63
64 65
64 66
64 67
64 68
64 69
64 70
64 71
64 72
64 73
65 1
65 28
65 63
65 64
65 66
65 67
65 68
65 69
65 70
65 71
65 72
65 73
66 28
66 63
66 64
66 65
66 67
66 68
66 69
66 70
66 71
66 72
66 73
66 88
66 152
67 28
67 63
67 64
67 65
67 66
67 68
67 69
67 70
67 71
67 72
67 73
67 74
67 75
68 28
68 63
68 64
68 65
68 66
68 67
68 69
68 70
68 71
68 72
68 73
69 28
69 63
69 64
69 65
69 66
69 67
69 68
69 70
69 71
69 72
69 73
70 28
70 63
70 64
70 65
70 66
70 67
70 68
70 69
70 71
70 72
70 73
71 28
71 63
71 64
71 65
71 66
71 67
71 68
71 69
71 70
71 72
71 73
72 28
72 63
72 64
72 65
72 66
72 67
72 68
72 69
72 70
72 71
72 73
73 28
73 63
73 64
73 65
73 66
73 67
73 68
73 69
73 70
73 71
73 72
74 67
74 75
75 67
75 74
76 77
76 78
77 76
77 78
78 76
78 77
79 80
80 79
80 84
81 27
82 83
83 82
83 308
83 309
84 80
84 85
85 84
85 156
86 87
86 526
87 86
87 486
87 487
88 66
89 90
90 89
90 171
91 92
92 91
93 94
93 95
94 93
94 95
95 93
95 94
96 97
97 96
97 152
97 155
98 99
99 98
100 101
101 100
102 103
103 102
104 105
105 104
106 107
106 108
107 106
108 106
109 110
109 111
109 112
110 109
110 111
110 112
110 452
111 109
111 110
111 112
111 843
111 844
112 109
112 110
112 111
113 114
113 115
113 1019
113 1132
113 1133
114 113
114 115
114 820
114 843
115 113
115 114
115 142
115 143
115 630
115 819
115 820
115 821
115 843
116 117
117 116
118 119
119 118
120 121
121 120
122 123
123 122
123 307
124 125
124 126
125 124
125 126
126 124
126 125
127 128
128 127
129 130
129 131
129 951
130 129
130 131
130 951
131 129
131 130
132 133
133 132
133 237
134 135
134 282
134 613
134 615
134 622
134 624
134 625
134 680
135 134
135 250
135 251
135 266
135 267
135 283
135 338
135 339
135 469
135 557
135 570
135 625
135 654
136 137
137 136
137 161
137 450
138 139
139 138
140 141
140 187
140 600
141 140
142 115
142 143
143 115
143 142
143 630
144 145
145 144
146 147
147 146
148 149
149 148
150 151
151 150
152 66
152 97
153 154
154 153
155 97
156 85
156 172
157 158
157 159
158 157
158 159
159 157
159 158
160 161
161 137
161 160
161 278
161 346
162 163
162 245
162 246
162 296
163 162
163 488
164 165
165 164
166 167
166 168
167 37
167 46
167 166
167 168
167 279
168 166
168 167
168 337
169 170
170 169
171 90
172 156
173 174
174 173
175 176
175 177
175 186
176 175
176 177
177 175
177 176
177 208
178 179
179 178
180 181
181 180
182 183
183 182
184 185
184 513
185 184
185 513
186 175
187 140
187 550
188 189
189 188
189 303
189 304
190 191
190 192
191 190
191 192
192 190
192 191
193 194
193 321
194 193
195 196
196 195
196 607
197 198
198 197
199 200
199 201
200 199
200 201
201 199
201 200
201 252
201 946
202 203
202 204
202 205
203 202
203 204
203 205
204 202
204 203
204 205
205 202
205 203
205 204
206 207
207 206
208 177
209 210
210 209
210 516
211 212
211 213
212 211
212 213
213 211
213 212
214 215
214 216
215 214
215 216
216 214
216 215
217 218
218 217
219 220
220 219
221 222
221 249
222 221
223 224
224 223
225 226
226 225
226 610
227 228
228 227
229 230
230 229
231 232
232 231
233 234
234 233
234 644
235 236
236 235
236 434
237 133
238 239
239 238
240 241
241 240
242 243
242 244
242 355
243 242
243 244
244 242
244 243
245 162
245 246
245 380
245 522
245 950
246 162
246 245
247 248
248 247
249 221
249 625
249 830
250 135
250 251
251 135
251 250
252 201
252 253
252 254
252 255
252 946
253 252
253 254
253 255
254 252
254 253
254 255
255 252
255 253
255 254
256 257
257 256
258 259
259 52
259 258
260 261
260 336
261 260
261 336
262 263
262 264
262 265
263 262
263 264
263 265
264 262
264 263
264 265
265 262
265 263
265 264
266 135
266 267
267 135
267 266
267 469
268 269
269 268
269 419
269 549
269 579
270 271
271 270
271 799
272 273
273 272
274 275
275 274
276 52
276 277
276 426
276 427
277 52
277 276
278 161
278 279
278 346
279 37
279 46
279 167
279 278
279 451
279 528
280 281
281 280
282 134
283 135
283 284
283 557
284 283
285 286
286 285
286 976
287 288
287 289
288 287
288 289
289 287
289 288
290 291
291 290
292 293
293 292
294 295
295 294
296 162
296 837
296 838
297 298
297 676
298 297
299 300
300 299
301 302
302 301
303 189
303 304
304 189
304 303
304 981
305 306
305 850
306 305
306 850
307 123
307 321
307 322
307 1022
307 1079
308 83
308 309
309 83
309 308
310 311
310 312
310 539
311 310
311 312
312 310
312 311
312 804
313 314
313 338
313 795
313 831
314 313
314 481
314 482
314 567
314 595
314 596
315 316
316 315
317 318
318 317
319 320
320 319
321 193
321 307
321 322
322 307
322 321
323 324
324 323
325 326
326 325
327 328
328 327
329 330
329 331
330 329
330 331
331 329
331 330
331 564
331 645
332 333
332 334
332 335
332 745
332 746
333 332
333 334
333 335
334 332
334 333
334 335
334 712
334 743
335 332
335 333
335 334
336 260
336 261
337 168
338 135
338 313
338 339
339 135
339 338
339 470
339 471
339 472
339 473
339 474
339 570
340 341
340 940
340 1300
341 340
342 343
343 342
344 345
345 344
346 161
346 278
347 348
348 347
348 1248
349 350
350 349
351 352
352 351
353 354
353 360
354 353
355 242
356 357
357 356
358 359
359 358
360 353
361 362
361 986
361 1159
362 361
363 364
363 625
364 363
365 366
365 367
366 365
366 367
367 365
367 366
368 369
369 368
370 371
371 370
371 376
371 377
372 373
373 372
374 375
375 374
376 371
376 377
377 371
377 376
378 379
379 378
379 389
379 390
379 407
380 245
381 382
381 383
381 413
381 419
382 381
382 383
382 413
383 381
383 382
383 413
384 385
385 384
385 678
385 679
386 387
386 388
387 386
387 388
387 414
388 386
388 387
389 379
389 390
390 379
390 389
391 392
392 391
393 394
393 395
393 396
394 393
394 395
394 396
395 393
395 394
395 396
396 393
396 394
396 395
397 398
398 397
399 400
399 401
400 399
400 401
401 399
401 400
402 403
403 402
404 405
405 404
405 406
405 408
405 409
405 412
406 405
407 379
408 405
408 409
409 405
409 408
409 1187
410 411
411 410
412 405
413 381
413 382
413 383
414 387
415 416
415 418
416 415
416 418
417 418
418 415
418 416
418 417
419 269
419 381
419 549
420 421
421 420
422 423
423 422
424 425
425 424
425 847
425 848
425 849
426 276
426 427
427 276
427 426
428 429
429 428
430 431
431 430
431 613
431 614
431 615
431 825
431 829
432 433
433 432
434 236
435 436
436 435
436 990
437 438
438 437
439 440
440 439
441 442
442 441
442 796
443 444
444 443
445 446
445 940
445 1033
445 1034
445 1152
445 1213
446 445
447 448
447 449
448 447
448 449
449 447
449 448
450 137
451 279
452 110
453 454
454 453
454 873
454 874
455 456
456 455
457 458
458 457
459 460
460 459
461 462
462 461
463 464
464 463
465 466
466 465
466 503
466 505
466 506
466 541
467 468
468 467
469 135
469 267
470 339
470 471
470 472
471 339
471 470
471 472
471 540
472 339
472 470
472 471
473 339
473 474
474 339
474 473
475 476
476 475
477 478
478 477
479 480
479 672
480 479
481 314
481 482
481 595
481 596
481 809
482 314
482 481
482 595
482 596
483 484
483 485
484 483
484 485
485 483
485 484
486 87
486 487
487 87
487 486
488 163
489 490
489 519
489 542
490 489
490 542
490 601
491 492
491 493
492 491
492 493
493 491
493 492
494 495
494 496
495 494
495 496
496 494
496 495
496 551
496 552
496 553
497 498
498 497
499 500
499 501
499 502
499 503
499 504
499 535
500 499
500 501
500 502
500 503
500 504
500 535
501 499
501 500
501 502
501 503
501 504
501 535
502 499
502 500
502 501
502 503
502 504
502 535
503 466
503 499
503 500
503 501
503 502
503 504
503 535
503 541
504 499
504 500
504 501
504 502
504 503
504 535
505 466
505 506
506 466
506 505
507 508
508 507
509 510
510 509
511 512
512 511
512 584
513 184
513 185
513 604
514 515
515 514
516 210
517 518
518 517
519 489
520 521
521 520
522 245
523 524
524 523
525 22
526 86
526 527
527 526
527 529
527 530
527 531
527 532
528 279
529 527
529 530
530 527
530 529
531 527
531 532
532 527
532 531
533 534
534 533
534 932
535 499
535 500
535 501
535 502
535 503
535 504
536 537
536 538
537 536
537 538
537 554
538 536
538 537
539 310
540 471
541 466
541 503
542 489
542 490
543 544
544 543
545 546
546 545
547 548
548 547
549 269
549 419
550 187
550 944
551 496
551 552
551 553
552 496
552 551
552 553
553 496
553 551
553 552
554 537
555 556
556 555
557 135
557 283
558 559
558 560
558 563
559 558
559 560
560 558
560 559
561 562
562 561
563 558
564 331
565 566
566 565
567 314
568 569
569 568
570 135
570 339
571 572
572 571
573 574
574 573
575 576
576 575
577 578
578 577
579 269
579 945
579 1328
580 581
581 580
582 583
583 582
584 512
585 586
586 585
587 588
587 589
587 590
588 587
589 587
589 590
590 587
590 589
591 592
592 591
593 594
594 593
595 314
595 481
595 482
595 596
596 314
596 481
596 482
596 595
597 598
597 599
598 597
598 599
599 597
599 598
600 140
601 490
602 603
603 602
604 513
605 606
606 605
607 196
608 609
609 608
610 226
611 612
612 611
613 134
613 431
613 614
613 615
613 622
613 623
613 624
613 680
614 431
614 613
614 615
615 134
615 431
615 613
615 614
615 622
615 624
615 680
616 617
617 616
618 619
619 618
620 621
621 620
622 134
622 613
622 615
622 623
622 624
622 680
623 613
623 622
623 624
624 134
624 613
624 615
624 622
624 623
624 680
625 134
625 135
625 249
625 363
625 830
626 627
627 626
628 629
629 628
630 115
630 143
631 632
631 836
632 631
633 634
633 647
633 648
634 633
634 943
635 51
636 18
636 646
636 681
636 682
637 638
638 637
638 1145
638 1200
639 640
639 641
640 639
640 641
641 639
641 640
642 643
642 671
643 642
644 234
645 331
646 636
647 633
647 648
648 633
648 647
649 650
650 649
650 677
651 43
651 44
652 653
653 652
654 135
655 656
656 655
656 824
657 658
657 659
657 685
658 657
658 659
658 685
659 657
659 658
660 661
661 660
662 663
662 664
663 662
663 664
663 1210
664 662
664 663
665 666
666 665
667 668
668 667
669 670
670 669
671 642
671 793
671 794
672 479
673 674
673 675
674 673
674 675
675 673
675 674
676 297
677 650
678 385
678 679
679 385
679 678
680 134
680 613
680 615
680 622
680 624
681 636
681 682
682 636
682 681
683 684
684 683
685 657
685 658
686 687
687 686
688 689
688 690
689 688
689 690
690 688
690 689
691 692
692 691
693 694
694 693
695 696
695 697
696 695
696 697
697 695
697 696
698 699
698 700
699 698
699 700
700 698
700 699
701 702
701 784
701 785
701 786
701 787
701 1000
702 701
702 785
702 786
702 787
702 1000
703 704
704 703
705 706
705 707
706 705
706 707
706 812
706 813
707 705
707 706
708 709
709 708
710 711
711 710
711 749
712 334
712 713
712 743
713 712
714 715
714 970
714 1005
715 714
715 726
715 727
715 743
715 744
716 717
716 790
717 716
717 724
717 725
717 790
717 802
717 828
718 719
719 718
720 721
721 720
722 723
722 1017
723 722
724 717
724 725
725 717
725 724
726 715
726 727
726 772
727 715
727 726
727 743
727 744
728 729
729 728
730 731
731 730
732 733
732 734
733 732
733 734
734 732
734 733
735 736
736 735
737 738
738 737
738 1018
739 740
740 739
741 742
742 741
743 334
743 712
743 715
743 727
743 744
743 752
744 715
744 727
744 743
744 752
745 332
745 746
746 332
746 745
747 748
748 747
749 711
750 751
751 750
751 1006
751 1007
752 743
752 744
752 965
752 966
753 754
753 783
754 753
754 783
755 756
755 757
756 755
756 757
756 760
757 755
757 756
758 759
759 758
760 756
761 762
762 761
763 764
763 988
763 989
764 763
765 766
766 765
766 782
767 768
768 767
768 773
769 770
769 771
769 772
769 958
770 769
770 771
770 772
770 958
771 769
771 770
771 772
772 726
772 769
772 770
772 771
773 768
773 961
773 987
774 775
775 774
776 777
776 778
776 779
777 776
777 778
777 779
778 776
778 777
778 779
779 776
779 777
779 778
779 1009
780 781
781 780
782 766
783 753
783 754
784 701
784 785
784 786
784 787
785 701
785 702
785 784
785 786
785 787
785 988
785 1000
785 1008
786 701
786 702
786 784
786 785
786 787
786 1000
787 701
787 702
787 784
787 785
787 786
787 988
787 1000
787 1008
788 789
789 788
790 716
790 717
790 791
790 792
790 968
791 790
791 792
791 968
791 982
792 790
792 791
792 968
793 671
793 794
794 671
794 793
795 313
795 831
796 442
797 798
798 797
798 1032
798 1033
798 1034
799 271
800 801
801 800
802 717
802 803
802 828
803 802
804 312
805 806
805 856
805 857
806 805
807 808
808 807
809 481
810 811
811 810
812 706
812 813
813 706
813 812
814 815
814 816
815 814
815 816
816 814
816 815
817 818
818 817
818 1035
819 115
819 820
819 821
820 114
820 115
820 819
820 821
820 843
821 115
821 819
821 820
822 823
822 835
823 822
823 835
824 656
824 1274
824 1275
825 431
826 827
827 826
828 717
828 802
829 431
830 249
830 625
831 313
831 795
832 833
832 834
832 1034
832 1148
833 832
833 834
834 832
834 833
835 822
835 823
836 631
837 296
837 838
838 296
838 837
839 840
840 839
841 842
842 841
843 111
843 114
843 115
843 820
843 844
844 111
844 843
845 846
846 845
847 425
847 848
847 849
847 933
847 1131
848 425
848 847
848 849
848 1266
849 425
849 847
849 848
849 1094
849 1095
850 305
850 306
851 852
851 853
852 851
852 853
853 851
853 852
854 855
855 854
856 805
856 857
857 805
857 856
858 859
858 905
859 858
860 861
860 862
860 991
860 992
861 860
861 862
862 860
862 861
863 864
863 1019
863 1056
864 863
865 866
865 867
865 868
866 865
866 867
866 868
867 865
867 866
867 868
868 865
868 866
868 867
869 870
870 869
871 872
872 871
873 454
873 874
874 454
874 873
875 876
875 877
876 875
876 877
877 875
877 876
878 879
879 878
880 881
881 880
882 883
883 882
884 885
885 884
886 887
886 888
886 889
886 890
887 886
887 888
887 889
887 890
888 886
888 887
888 889
888 890
889 886
889 887
889 888
889 890
890 886
890 887
890 888
890 889
891 892
892 891
893 894
893 895
893 902
894 893
894 895
895 893
895 894
896 897
897 896
898 899
898 900
898 901
899 898
899 900
899 901
900 898
900 899
900 901
901 898
901 899
901 900
902 893
902 903
903 902
904 905
905 858
905 904
906 14
906 912
907 908
907 1363
908 907
908 1179
908 1180
908 1181
908 1182
909 910
909 911
910 909
910 911
911 909
911 910
912 906
913 914
914 913
915 916
916 915
917 918
917 919
918 917
918 919
919 917
919 918
920 921
921 920
922 923
923 922
924 925
924 945
925 924
926 36
927 928
928 927
928 1149
929 930
929 931
930 929
930 931
931 929
931 930
932 534
933 847
934 36
935 936
936 935
937 938
938 937
939 940
939 941
939 942
939 1399
940 340
940 445
940 939
940 941
940 942
940 1174
940 1287
940 1300
940 1361
941 939
941 940
941 942
942 939
942 940
942 941
943 634
944 550
945 579
945 924
945 1328
946 201
946 252
947 948
948 947
949 44
950 245
951 129
951 130
952 953
953 952
954 955
954 956
954 957
955 954
955 956
955 957
956 954
956 955
956 957
957 954
957 955
957 956
958 769
958 770
959 960
960 959
961 773
961 962
961 987
962 961
963 964
964 963
965 752
965 966
966 752
966 965
966 973
966 977
966 978
967 968
968 790
968 791
968 792
968 967
968 982
969 970
969 971
969 972
969 984
970 714
970 969
970 971
970 972
970 984
970 1005
971 969
971 970
971 972
972 969
972 970
972 971
973 966
974 975
975 974
976 286
977 966
977 978
978 966
978 977
979 980
980 979
981 304
982 791
982 968
982 983
983 982
984 969
984 970
985 986
986 361
986 985
987 773
987 961
988 763
988 785
988 787
988 989
988 1000
988 1008
988 1227
989 763
989 988
990 436
991 860
991 992
992 860
992 991
993 994
994 993
995 996
996 995
997 998
997 999
998 997
998 999
999 997
999 998
1000 701
1000 702
1000 785
1000 786
1000 787
1000 988
1000 1008
1001 1002
1002 1001
1003 1004
1003 1014
1003 1015
1003 1016
1004 1003
1004 1014
1004 1015
1004 1016
1005 714
1005 970
1006 751
1006 1007
1007 751
1007 1006
1008 785
1008 787
1008 988
1008 1000
1009 779
1010 1011
1011 1010
1012 1013
1013 1012
1014 1003
1014 1004
1015 1003
1015 1004
1015 1016
1016 1003
1016 1004
1016 1015
1017 722
1018 738
1019 113
1019 863
1019 1056
1020 1021
1021 1020
1021 1084
1021 1085
1022 307
1022 1023
1022 1074
1022 1079
1022 1124
1022 1310
1023 1022
1024 1025
1025 1024
1026 1027
1027 1026
1028 1029
1029 1028
1030 1031
1030 1349
1031 1030
1032 798
1032 1033
1032 1034
1033 445
1033 798
1033 1032
1033 1034
1033 1152
1033 1153
1033 1154
1033 1247
1034 445
1034 798
1034 832
1034 1032
1034 1033
1034 1148
1034 1152
1034 1153
1034 1154
1034 1213
1034 1247
1034 1351
1035 818
1036 1037
1037 1036
1038 1039
1039 1038
1040 1041
1041 1040
1041 1048
1041 1051
1042 1043
1043 1042
1044 1045
1044 1072
1045 1044
1045 1106
1045 1405
1046 1047
1046 1063
1047 1046
1048 1041
1049 1050
1050 1049
1051 1041
1052 1053
1053 1052
1054 1055
1055 1054
1056 863
1056 1019
1057 1058
1057 1059
1057 1060
1058 1057
1058 1059
1058 1060
1059 1057
1059 1058
1059 1060
1060 1057
1060 1058
1060 1059
1061 1062
1062 1061
1063 1046
1064 1065
1064 1066
1064 1074
1064 1075
1064 1076
1065 1064
1065 1066
1066 1064
1066 1065
1067 1068
1067 1069
1068 1067
1068 1069
1069 1067
1069 1068
1070 1071
1071 1070
1072 1044
1072 1089
1073 1074
1073 1075
1073 1076
1074 1022
1074 1064
1074 1073
1074 1075
1074 1076
1074 1079
1074 1093
1074 1124
1074 1140
1074 1141
1074 1142
1074 1207
1074 1208
1074 1310
1075 1064
1075 1073
1075 1074
1075 1076
1075 1093
1075 1124
1075 1131
1075 1207
1075 1208
1076 1064
1076 1073
1076 1074
1076 1075
1076 1093
1077 1078
1078 1077
1079 307
1079 1022
1079 1074
1079 1120
1079 1264
1079 1378
1079 1379
1080 1081
1081 1080
1082 1083
1083 1082
1084 1021
1084 1085
1085 1021
1085 1084
1086 1087
1086 1088
1087 1086
1087 1088
1087 1402
1088 1086
1088 1087
1089 1072
1090 1091
1090 1092
1091 1090
1091 1092
1092 1090
1092 1091
1093 1074
1093 1075
1093 1076
1094 849
1094 1095
1095 849
1095 1094
1096 1097
1097 1096
1098 1099
1099 1098
1100 1101
1100 1102
1100 1103
1101 1100
1101 1102
1101 1103
1102 1100
1102 1101
1102 1103
1103 1100
1103 1101
1103 1102
1104 1105
1105 1104
1106 1045
1107 1108
1108 1107
1108 1288
1109 1110
1109 1135
1110 1109
1110 1135
1110 1242
1110 1283
1111 1112
1111 1322
1112 1111
1113 1114
1114 1113
1114 1194
1114 1255
1114 1318
1115 1116
1116 1115
1117 1118
1117 1119
1118 1117
1118 1119
1119 1117
1119 1118
1120 1079
1120 1121
1121 1120
1122 1123
1122 1325
1123 1122
1124 1022
1124 1074
1124 1075
1124 1310
1125 1126
1126 1125
1127 1128
1128 1127
1129 1130
1130 1129
1131 847
1131 1075
1131 1350
1132 113
1132 1133
1133 113
1133 1132
1134 1135
1134 1155
1134 1156
1134 1157
1134 1158
1134 1159
1134 1171
1134 1184
1134 1190
1134 1230
1134 1231
1134 1232
1134 1284
1135 1109
1135 1110
1135 1134
1135 1170
1136 1137
1136 1143
1137 1136
1137 1143
1138 1139
1139 1138
1139 1226
1140 1074
1140 1141
1140 1142
1141 1074
1141 1140
1141 1142
1142 1074
1142 1140
1142 1141
1142 1290
1143 1136
1143 1137
1144 1145
1145 638
1145 1144
1145 1200
1146 1147
1146 1148
1147 1146
1147 1148
1148 832
1148 1034
1148 1146
1148 1147
1149 928
1149 1189
1150 1151
1151 1150
1152 445
1152 1033
1152 1034
1152 1153
1152 1154
1152 1213
1152 1247
1152 1344
1152 1392
1153 1033
1153 1034
1153 1152
1153 1154
1153 1252
1154 1033
1154 1034
1154 1152
1154 1153
1155 1134
1155 1156
1155 1157
1155 1158
1155 1159
1155 1190
1156 1134
1156 1155
1156 1157
1156 1158
1156 1159
1156 1190
1156 1214
1156 1215
1157 1134
1157 1155
1157 1156
1157 1158
1157 1159
1157 1190
1158 1134
1158 1155
1158 1156
1158 1157
1158 1159
1158 1190
1159 361
1159 1134
1159 1155
1159 1156
1159 1157
1159 1158
1159 1190
1159 1251
1160 1161
1161 1160
1162 1163
1163 1162
1164 1165
1164 1209
1164 1240
1164 1293
1165 1164
1165 1293
1166 1167
1166 1183
1167 1166
1168 1169
1169 1168
1170 1135
1170 1188
1170 1192
1170 1195
1170 1243
1170 1246
1171 1134
1172 1173
1173 1172
1174 940
1174 1175
1174 1176
1174 1361
1175 1174
1175 1176
1175 1233
1176 1174
1176 1175
1177 1178
1177 1193
1177 1194
1178 1177
1179 908
1179 1180
1179 1181
1179 1182
1180 908
1180 1179
1180 1181
1180 1182
1181 908
1181 1179
1181 1180
1181 1182
1181 1185
1181 1297
1182 908
1182 1179
1182 1180
1182 1181
1183 1166
1184 1134
1185 1181
1185 1186
1185 1297
1186 1185
1187 409
1188 1170
1189 1149
1190 1134
1190 1155
1190 1156
1190 1157
1190 1158
1190 1159
1191 1192
1192 1170
1192 1191
1192 1246
1193 1177
1194 1114
1194 1177
1194 1255
1195 1170
1195 1243
1196 1197
1196 1198
1197 1196
1197 1198
1197 1373
1197 1374
1198 1196
1198 1197
1199 1200
1200 638
1200 1145
1200 1199
1201 1202
1201 1257
1201 1258
1202 1201
1202 1257
1202 1258
1203 1204
1204 1203
1205 1206
1206 1205
1206 1223
1206 1273
1207 1074
1207 1075
1207 1208
1208 1074
1208 1075
1208 1207
1209 1164
1210 663
1211 1212
1212 1211
1213 445
1213 1034
1213 1152
1213 1247
1213 1344
1213 1392
1214 1156
1214 1215
1215 1156
1215 1214
1216 1217
1216 1218
1217 1216
1217 1218
1218 1216
1218 1217
1219 1220
1219 1285
1220 1219
1221 1222
1222 1221
1223 1206
1224 1225
1225 1224
1226 1139
1227 988
1228 1229
1229 1228
1229 1230
1229 1256
1229 1269
1229 1270
1229 1294
1230 1134
1230 1229
1230 1231
1230 1232
1230 1269
1230 1270
1231 1134
1231 1230
1231 1232
1232 1134
1232 1230
1232 1231
1233 1175
1234 1235
1235 1234
1236 1237
1237 1236
1238 1239
1239 1238
1240 1164
1241 1242
1242 1110
1242 1241
1242 1283
1243 1170
1243 1195
1244 1245
1245 1244
1246 1170
1246 1192
1247 1033
1247 1034
1247 1152
1247 1213
1247 1342
1247 1343
1247 1344
1248 348
1249 1250
1250 1249
1251 1159
1252 1153
1253 1254
1254 1253
1255 1114
1255 1194
1255 1318
1256 1229
1257 1201
1257 1202
1257 1258
1258 1201
1258 1202
1258 1257
1259 1260
1260 1259
1261 1262
1262 1261
1263 1264
1263 1265
1264 1079
1264 1263
1264 1265
1264 1378
1264 1379
1265 1263
1265 1264
1266 848
1267 1268
1268 1267
1269 1229
1269 1230
1269 1270
1270 1229
1270 1230
1270 1269
1271 1272
1272 1271
1273 1206
1274 824
1274 1275
1275 824
1275 1274
1276 1277
1277 1276
1278 1279
1279 1278
1280 1281
1280 1282
1281 1280
1281 1282
1282 1280
1282 1281
1283 1110
1283 1242
1284 1134
1285 1219
1286 1287
1287 940
1287 1286
1288 1108
1288 1289
1289 1288
1290 1142
1291 1292
1292 1291
1293 1164
1293 1165
1294 1229
1295 1296
1296 1295
1297 1181
1297 1185
1298 1299
1299 1298
1300 340
1300 940
1301 1302
1301 1303
1302 1301
1302 1303
1302 1360
1303 1301
1303 1302
1304 1305
1304 1316
1304 1317
1304 1321
1305 1304
1306 1307
1307 1306
1308 1309
1309 1308
1309 1323
1309 1375
1310 1022
1310 1074
1310 1124
1311 1312
1312 1311
1313 1314
1313 1315
1314 1313
1314 1315
1315 1313
1315 1314
1316 1304
1316 1317
1317 1304
1317 1316
1318 1114
1318 1255
1319 1320
1320 1319
1321 1304
1322 1111
1323 1309
1323 1324
1324 1323
1325 1122
1326 1327
1327 1326
1328 579
1328 945
1329 1330
1329 1331
1330 1329
1330 1331
1331 1329
1331 1330
1332 1333
1333 1332
1334 1335
1335 1334
1336 1337
1337 1336
1338 1339
1339 1338
1340 1341
1340 1352
1341 1340
1342 1247
1342 1343
1343 1247
1343 1342
1344 1152
1344 1213
1344 1247
1345 1346
1346 1345
1347 1348
1348 1347
1349 1030
1350 1131
1351 1034
1352 1340
1353 1354
1354 1353
1355 1356
1356 1355
1357 1358
1357 1359
1358 1357
1358 1359
1359 1357
1359 1358
1359 1362
1360 1302
1361 940
1361 1174
1362 1359
1363 907
1364 1365
1365 1364
1366 1367
1367 1366
1368 1369
1368 1370
1369 1368
1369 1370
1369 1403
1369 1404
1370 1368
1370 1369
1371 1372
1372 1371
1373 1197
1373 1374
1374 1197
1374 1373
1375 1309
1376 1377
1377 1376
1378 1079
1378 1264
1378 1379
1379 1079
1379 1264
1379 1378
1380 1381
1381 1380
1382 1383
1382 1384
1383 1382
1384 1382
1385 1386
1386 1385
1387 1388
1388 1387
1389 1390
1389 1391
1390 1389
1391 1389
1392 1152
1392 1213
1393 1394
1394 1393
1395 1396
1396 1395
1397 1398
1398 1397
1399 939
1400 1401
1401 1400
1402 1087
1403 1369
1403 1404
1404 1369
1404 1403
1405 1045
