1 2
1 3
2 1
2 3
2 14
3 1
3 2
3 14
4 5
5 4
6 7
7 6
8 9
9 8
10 11
11 10
11 53
11 54
11 631
12 13
13 12
14 2
14 3
15 16
16 15
16 95
17 18
17 19
17 571
17 572
18 17
18 19
18 571
18 572
19 17
19 18
19 190
19 591
19 592
20 21
21 20
22 23
22 24
22 25
22 26
23 22
23 24
23 25
23 26
24 22
24 23
24 25
24 26
25 22
25 23
25 24
25 26
26 22
26 23
26 24
26 25
27 28
28 27
29 30
30 29
30 537
31 32
32 31
32 547
33 34
34 33
35 36
36 35
37 38
37 39
37 40
38 37
38 39
38 40
38 61
39 37
39 38
39 40
40 37
40 38
40 39
40 118
41 42
41 52
42 41
42 52
43 44
44 43
44 610
45 46
46 45
47 48
48 47
49 50
50 49
50 51
50 413
51 50
52 41
52 42
53 11
53 54
54 11
54 53
55 56
55 57
56 55
56 57
57 55
57 56
58 59
58 60
59 58
59 60
60 58
60 59
61 38
62 63
62 64
62 103
63 62
63 64
63 792
64 62
64 63
65 66
66 65
67 68
67 69
68 67
68 69
69 67
69 68
69 207
70 71
71 70
71 768
72 73
73 72
74 75
75 74
76 77
77 76
78 79
78 414
78 415
79 78
80 81
81 80
82 83
83 82
84 85
85 84
86 87
87 86
88 89
89 88
90 91
91 90
91 262
92 93
92 94
93 92
93 94
94 92
94 93
95 16
96 97
96 133
96 134
97 96
98 99
99 98
100 101
101 100
101 102
102 101
103 62
103 406
104 105
105 104
105 171
106 107
107 106
107 111
108 109
109 108
110 111
110 453
111 107
111 110
112 113
113 112
114 115
114 508
115 114
116 117
116 135
116 459
117 116
118 40
119 120
120 119
121 122
122 121
122 126
123 124
123 125
124 123
124 125
124 159
125 123
125 124
125 160
126 122
126 424
126 459
126 514
127 128
128 127
129 130
130 129
131 132
132 131
133 96
133 134
134 96
134 133
135 116
135 136
135 459
136 135
137 138
138 137
139 140
140 139
140 957
141 142
142 141
143 144
143 536
144 143
144 536
145 146
145 295
146 145
147 148
147 149
148 147
148 149
148 484
149 147
149 148
149 484
150 151
151 150
152 153
153 152
154 155
155 154
156 157
156 158
156 428
156 429
157 156
157 158
157 196
157 333
157 520
158 156
158 157
159 124
160 125
161 162
162 161
163 164
163 251
164 163
165 166
165 203
166 165
167 168
168 167
168 515
168 516
168 517
168 558
169 170
170 169
171 105
172 173
173 172
173 179
173 180
173 286
174 175
175 174
175 185
175 193
175 422
175 856
176 177
177 176
178 179
178 180
179 173
179 178
179 180
179 286
180 173
180 178
180 179
181 182
182 181
183 184
184 183
185 175
185 582
185 583
185 643
186 187
186 188
186 189
187 186
187 188
187 189
188 186
188 187
188 189
189 186
189 187
189 188
190 19
191 192
192 191
193 175
193 856
194 195
195 194
196 157
197 198
198 197
199 200
199 201
199 202
200 199
200 201
200 202
200 232
200 640
201 199
201 200
201 202
201 228
201 229
201 232
201 586
201 748
202 199
202 200
202 201
202 397
202 828
202 829
203 165
203 266
203 374
204 205
204 206
204 485
205 204
205 206
205 218
205 485
206 204
206 205
206 217
206 250
206 285
206 292
206 293
206 294
206 485
206 744
207 69
208 209
209 208
210 211
210 212
211 210
211 212
212 210
212 211
213 214
214 213
214 756
215 216
216 215
217 206
218 205
219 220
219 221
220 219
220 221
221 219
221 220
221 419
222 223
223 222
224 225
225 224
226 227
226 239
226 363
227 226
227 239
227 240
227 363
228 201
228 229
229 201
229 228
229 272
229 273
230 231
231 230
232 200
232 201
232 586
233 234
233 247
233 248
234 233
235 236
235 751
236 235
236 629
236 630
236 751
237 238
238 237
239 226
239 227
239 240
239 363
240 227
240 239
241 242
242 241
243 244
244 243
245 246
246 245
247 233
247 248
247 269
247 296
248 233
248 247
248 269
248 296
249 250
250 206
250 249
250 285
250 292
250 395
250 396
251 163
252 253
253 252
254 255
255 254
256 257
256 567
257 256
257 567
257 732
257 733
258 259
258 622
258 623
258 624
259 258
260 261
261 260
262 91
263 264
264 263
265 266
265 267
265 268
266 203
266 265
266 267
266 268
266 374
266 760
267 265
267 266
267 268
268 265
268 266
268 267
269 247
269 248
270 271
271 270
271 378
271 812
272 229
272 273
272 723
272 724
272 725
272 726
273 229
273 272
274 275
274 745
275 274
276 277
277 276
278 279
278 280
279 278
279 280
280 278
280 279
281 282
282 281
282 431
282 432
283 284
284 283
285 206
285 250
285 292
286 173
286 179
286 445
287 288
288 287
289 290
289 291
290 289
290 291
291 289
291 290
292 206
292 250
292 285
293 206
293 294
294 206
294 293
295 145
296 247
296 248
296 312
296 313
297 298
297 299
298 297
298 299
299 297
299 298
300 301
301 300
302 303
303 302
304 305
304 308
304 309
305 304
306 307
307 306
308 304
308 309
309 304
309 308
310 311
311 310
311 362
312 296
312 313
313 296
313 312
314 315
315 314
316 317
317 316
318 319
319 318
319 356
319 418
320 321
321 320
322 323
322 354
322 355
323 322
324 325
325 324
326 327
326 328
327 326
327 328
328 326
328 327
329 330
330 329
330 353
330 503
331 332
332 331
332 337
333 157
333 334
333 520
334 333
335 336
336 335
337 332
338 339
338 340
338 341
339 338
339 340
339 341
340 338
340 339
340 341
341 338
341 339
341 340
342 343
343 342
344 345
344 346
344 347
344 348
345 344
345 346
345 347
345 348
346 344
346 345
346 347
346 348
347 344
347 345
347 346
347 348
348 344
348 345
348 346
348 347
348 557
349 350
349 938
349 939
350 349
351 352
352 351
352 436
353 330
354 322
354 355
355 322
355 354
356 319
357 358
357 359
358 357
358 359
359 357
359 358
360 361
361 360
362 311
362 979
362 980
363 226
363 227
363 239
364 365
365 364
366 367
367 366
368 369
368 375
369 368
369 375
370 371
370 372
370 373
371 370
371 372
371 373
372 370
372 371
372 373
372 433
373 370
373 371
373 372
374 203
374 266
375 368
375 369
376 377
377 376
378 271
378 379
378 812
379 378
380 381
381 380
382 383
383 382
384 385
385 384
386 387
387 386
388 389
389 388
390 391
391 390
392 393
392 394
393 392
393 394
394 392
394 393
395 250
395 396
395 456
395 457
395 458
396 250
396 395
396 457
397 202
398 399
398 430
398 1093
399 398
400 401
401 400
402 403
403 402
404 405
405 404
406 103
407 408
408 407
409 410
410 409
411 412
412 411
413 50
414 78
414 415
415 78
415 414
416 417
417 416
417 766
417 842
418 319
419 221
420 421
421 420
422 175
423 424
423 425
424 126
424 423
424 425
424 459
425 423
425 424
425 494
425 509
426 427
427 426
428 156
428 429
429 156
429 428
430 398
431 282
431 432
432 282
432 431
433 372
434 435
434 437
434 438
434 893
434 912
435 434
436 352
437 434
437 438
438 434
438 437
439 440
440 439
441 442
442 441
443 444
443 655
443 656
444 443
445 286
446 447
447 446
448 449
448 450
449 448
449 450
450 448
450 449
451 452
452 451
453 110
454 455
455 454
456 395
456 457
457 395
457 396
457 456
458 395
459 116
459 126
459 135
459 424
459 514
460 461
460 462
460 463
461 460
461 462
461 463
462 460
462 461
462 463
463 460
463 461
463 462
464 465
465 464
465 471
465 531
466 467
467 466
468 469
469 468
469 529
470 471
471 465
471 470
472 473
472 501
472 540
473 472
473 593
474 475
475 474
476 477
477 476
478 479
479 478
479 543
479 544
480 481
481 480
481 545
481 546
482 483
483 482
484 148
484 149
485 204
485 205
485 206
486 487
487 486
488 489
489 488
490 491
491 490
492 493
493 492
494 425
495 496
496 495
497 498
498 497
498 502
499 500
500 499
501 472
501 540
502 498
503 330
504 505
505 504
506 507
507 506
508 114
509 425
510 511
511 510
511 521
512 513
513 512
514 126
514 459
515 168
515 516
515 517
516 168
516 515
516 517
517 168
517 515
517 516
518 519
519 518
520 157
520 333
521 511
522 523
523 522
523 937
524 525
524 526
525 524
525 526
526 524
526 525
527 528
528 527
528 831
529 469
529 530
530 529
531 465
532 533
533 532
534 535
535 534
536 143
536 144
537 30
538 539
539 538
540 472
540 501
541 542
542 541
543 479
543 544
544 479
544 543
545 481
545 546
546 481
546 545
547 32
548 549
549 548
550 551
551 550
552 553
552 554
553 552
553 554
554 552
554 553
555 556
556 555
557 348
558 168
559 560
560 559
561 562
562 561
563 564
563 625
563 644
564 563
564 625
565 566
565 590
566 565
566 592
566 628
567 256
567 257
567 568
568 567
568 577
569 570
569 648
570 569
571 17
571 18
571 572
571 830
572 17
572 18
572 571
573 574
573 596
574 573
575 576
576 575
576 618
576 619
577 568
577 1008
578 579
579 578
580 581
580 617
581 580
581 616
581 617
582 185
582 583
583 185
583 582
584 585
585 584
586 201
586 232
587 588
587 589
588 587
588 589
589 587
589 588
590 565
591 19
591 592
592 19
592 566
592 591
592 628
593 473
594 595
594 596
595 594
595 596
596 573
596 594
596 595
597 598
598 597
599 600
600 599
601 602
601 603
602 601
602 603
603 601
603 602
604 605
605 604
605 645
605 757
606 607
607 606
608 609
609 608
610 44
611 612
612 611
613 614
613 615
614 613
614 615
615 613
615 614
616 581
616 617
617 580
617 581
617 616
618 576
619 576
620 621
621 620
622 258
622 623
622 624
623 258
623 622
624 258
624 622
625 563
625 564
626 627
627 626
628 566
628 592
629 236
629 630
630 236
630 629
631 11
632 633
633 632
634 635
634 636
634 637
635 634
635 636
635 637
636 634
636 635
636 637
637 634
637 635
637 636
637 1007
638 639
639 638
640 200
640 641
640 642
641 640
641 642
642 640
642 641
643 185
644 563
645 605
645 646
645 757
646 645
647 648
647 653
647 712
648 569
648 647
648 710
648 711
649 650
649 682
649 693
649 909
650 649
650 675
650 676
651 652
652 651
653 647
653 654
653 661
653 662
653 680
653 681
653 682
653 712
653 864
653 905
654 653
655 443
655 656
656 443
656 655
657 658
657 668
658 657
659 660
659 707
660 659
660 952
661 653
661 662
662 653
662 661
662 680
662 681
662 682
662 703
662 905
663 664
664 663
664 686
664 720
665 666
665 667
666 665
666 667
667 665
667 666
668 657
669 670
670 669
671 672
672 671
673 674
673 717
674 673
674 692
675 650
675 676
676 650
676 675
677 678
677 679
678 677
678 679
679 677
679 678
680 653
680 662
680 681
680 682
680 703
681 653
681 662
681 680
681 682
682 649
682 653
682 662
682 680
682 681
682 683
682 909
683 682
684 685
685 684
685 884
686 664
686 687
686 688
687 686
687 688
687 1106
688 686
688 687
689 690
690 689
691 692
691 717
691 888
691 889
692 674
692 691
693 649
693 704
694 695
695 694
696 697
696 698
696 699
697 696
697 698
697 699
698 696
698 697
698 699
699 696
699 697
699 698
699 718
699 719
700 701
701 700
702 703
703 662
703 680
703 702
704 693
705 706
706 705
706 881
706 882
706 883
707 659
708 709
709 708
710 648
710 711
711 648
711 710
712 647
712 653
712 715
712 716
713 714
714 713
715 712
715 716
716 712
716 715
717 673
717 691
717 888
717 889
718 699
718 719
719 699
719 718
720 664
721 722
722 721
723 272
723 724
723 725
723 726
724 272
724 723
724 725
724 726
725 272
725 723
725 724
725 726
726 272
726 723
726 724
726 725
727 728
728 727
729 730
729 731
730 729
730 731
731 729
731 730
732 257
732 733
733 257
733 732
734 735
735 734
736 737
736 738
736 739
737 736
737 738
737 739
737 1005
738 736
738 737
738 739
739 736
739 737
739 738
739 1005
740 741
740 933
740 934
741 740
741 924
742 743
743 742
743 994
744 206
745 274
745 746
745 747
746 745
746 747
747 745
747 746
748 201
749 750
750 749
751 235
751 236
752 753
753 752
753 966
753 1079
754 755
755 754
755 847
755 848
756 214
757 605
757 645
758 759
759 758
760 266
761 762
762 761
763 764
763 765
764 763
764 765
765 763
765 764
766 417
766 767
766 842
767 766
768 71
768 773
768 774
769 770
769 775
770 769
770 846
771 772
772 771
773 768
773 774
773 781
774 768
774 773
775 769
775 776
776 775
776 785
777 778
778 777
779 780
780 779
781 773
781 782
782 781
783 784
784 783
785 776
786 787
787 786
788 789
788 790
788 791
789 788
789 790
789 791
789 792
790 788
790 789
790 791
791 788
791 789
791 790
792 63
792 789
793 794
794 793
795 796
795 797
796 795
796 797
797 795
797 796
798 799
798 800
798 801
798 802
799 798
799 800
799 801
799 802
800 798
800 799
800 801
800 802
801 798
801 799
801 800
801 802
802 798
802 799
802 800
802 801
803 804
803 805
804 803
804 805
805 803
805 804
806 807
807 806
808 809
809 808
810 811
811 810
812 271
812 378
813 814
814 813
815 816
816 815
816 824
817 818
817 1006
817 1026
818 817
818 980
818 990
818 993
818 1044
819 820
819 821
819 822
819 823
820 819
820 821
820 822
820 823
821 819
821 820
821 822
821 823
822 819
822 820
822 821
822 823
823 819
823 820
823 821
823 822
824 816
825 826
825 827
826 825
826 827
827 825
827 826
828 202
828 829
829 202
829 828
830 571
831 528
832 833
833 832
834 835
835 834
836 837
836 1013
836 1014
836 1043
837 836
838 839
839 838
840 841
841 840
841 1021
842 417
842 766
843 844
843 845
843 1030
844 843
844 845
845 843
845 844
845 1030
846 770
847 755
847 848
848 755
848 847
849 850
850 849
851 852
852 851
853 854
853 855
854 853
854 855
855 853
855 854
856 175
856 193
857 858
857 859
858 857
858 859
859 857
859 858
860 861
861 860
861 894
862 863
863 862
864 653
865 866
866 865
867 868
868 867
868 895
868 904
869 870
869 871
869 872
870 869
870 871
870 872
871 869
871 870
871 872
872 869
872 870
872 871
873 874
873 875
874 873
874 875
875 873
875 874
876 877
877 876
878 879
878 880
879 878
879 880
880 878
880 879
881 706
881 882
881 883
882 706
882 881
882 883
883 706
883 881
883 882
884 685
885 886
885 887
886 885
886 887
887 885
887 886
888 691
888 717
888 889
889 691
889 717
889 888
890 891
890 893
890 906
891 890
891 893
891 906
892 893
893 434
893 890
893 891
893 892
893 906
893 912
894 861
895 868
895 896
895 904
896 895
897 898
897 899
898 897
898 899
899 897
899 898
900 901
901 900
902 903
903 902
904 868
904 895
905 653
905 662
906 890
906 891
906 893
907 908
908 907
909 649
909 682
910 911
911 910
912 434
912 893
913 914
914 913
915 916
916 915
917 918
917 919
918 917
918 919
919 917
919 918
920 921
920 958
921 920
921 958
922 923
923 922
923 940
923 941
923 976
923 1082
924 741
925 926
925 935
925 936
926 925
927 928
928 927
929 930
930 929
931 932
932 931
932 944
932 974
933 740
933 934
934 740
934 933
934 954
934 1024
934 1025
934 1047
935 925
935 936
936 925
936 935
937 523
938 349
938 939
939 349
939 938
940 923
940 941
940 976
940 1082
941 923
941 940
942 943
943 942
943 1108
944 932
945 946
946 945
947 948
947 949
948 947
948 949
949 947
949 948
950 951
951 950
952 660
953 954
954 934
954 953
954 971
955 956
956 955
956 1078
957 140
958 920
958 921
959 960
959 961
959 962
960 959
960 961
960 962
960 1132
961 959
961 960
961 962
961 1132
962 959
962 960
962 961
963 964
964 963
965 966
966 753
966 965
966 1079
967 968
967 978
967 1029
968 967
969 970
970 969
970 1002
970 1003
970 1004
970 1015
971 954
972 973
973 972
974 932
975 976
975 1052
976 923
976 940
976 975
976 1082
977 978
978 967
978 977
979 362
980 362
980 818
980 1055
981 982
982 981
983 984
983 985
984 983
984 985
985 983
985 984
986 987
987 986
988 989
989 988
990 818
991 992
992 991
993 818
994 743
995 996
996 995
996 1107
997 998
997 1054
998 997
999 1000
999 1001
1000 999
1000 1001
1001 999
1001 1000
1002 970
1002 1003
1003 970
1003 1002
1004 970
1005 737
1005 739
1006 817
1006 1026
1007 637
1008 577
1008 1009
1008 1010
1008 1016
1009 1008
1009 1010
1010 1008
1010 1009
1011 1012
1012 1011
1013 836
1013 1014
1014 836
1014 1013
1015 970
1016 1008
1017 1018
1018 1017
1019 1020
1020 1019
1021 841
1022 1023
1023 1022
1024 934
1024 1025
1025 934
1025 1024
1025 1047
1026 817
1026 1006
1027 1028
1028 1027
1029 967
1030 843
1030 845
1031 1032
1031 1033
1032 1031
1032 1033
1033 1031
1033 1032
1034 1035
1035 1034
1036 1037
1037 1036
1038 1039
1039 1038
1040 1041
1040 1042
1041 1040
1041 1042
1042 1040
1042 1041
1043 836
1044 818
1045 1046
1046 1045
1047 934
1047 1025
1048 1049
1049 1048
1050 1051
1051 1050
1051 1053
1052 975
1053 1051
1054 997
1055 980
1056 1057
1057 1056
1058 1059
1058 1060
1059 1058
1059 1060
1060 1058
1060 1059
1061 1062
1062 1061
1063 1064
1063 1103
1064 1063
1065 1066
1065 1067
1066 1065
1066 1067
1067 1065
1067 1066
1068 1069
1068 1070
1069 1068
1069 1070
1070 1068
1070 1069
1071 1072
1072 1071
1073 1074
1074 1073
1074 1075
1075 1074
1076 1077
1077 1076
1078 956
1079 753
1079 966
1080 1081
1081 1080
1082 923
1082 940
1082 976
1083 1084
1084 1083
1085 1086
1086 1085
1087 1088
1088 1087
1089 1090
1090 1089
1091 1092
1092 1091
1093 398
1094 1095
1094 1096
1095 1094
1095 1096
1096 1094
1096 1095
1097 1098
1098 1097
1099 1100
1100 1099
1101 1102
1102 1101
1103 1063
1104 1105
1105 1104
1106 687
1106 1113
1106 1114
1107 996
1108 943
1109 1110
1110 1109
1111 1112
1112 1111
1113 1106
1113 1114
1114 1106
1114 1113
1115 1116
1116 1115
1117 1118
1118 1117
1119 1120
1120 1119
1121 1122
1122 1121
1123 1124
1123 1125
1124 1123
1124 1125
1125 1123
1125 1124
1126 1127
1127 1126
1128 1129
1129 1128
1130 1131
1131 1130
1132 960
1132 961
1133 1134
1134 1133
