1 2
2 1
3 4
3 88
4 3
5 6
5 892
6 5
6 574
6 575
6 892
7 8
7 415
8 7
9 10
9 889
10 9
11 12
12 11
13 14
13 22
14 13
15 16
15 752
16 15
17 18
18 17
19 20
19 21
20 19
20 21
21 19
21 20
22 13
22 23
22 218
22 321
22 484
23 22
23 122
23 123
23 124
23 435
23 436
23 456
23 589
23 633
24 25
25 24
26 27
27 26
27 28
28 27
29 30
29 115
29 116
30 29
31 32
31 304
32 31
32 75
33 34
34 33
35 36
36 35
37 38
38 37
39 40
40 39
41 42
42 41
43 44
44 43
45 46
45 47
46 45
46 47
47 45
47 46
48 49
48 67
48 192
49 48
49 62
49 63
49 64
49 67
49 192
49 547
50 51
51 50
52 53
52 69
52 70
52 175
52 209
53 52
54 55
54 56
55 54
55 56
56 54
56 55
57 58
58 57
59 60
59 61
59 526
60 59
60 61
60 94
61 59
61 60
62 49
62 63
62 64
63 49
63 62
63 64
63 102
63 272
63 273
64 49
64 62
64 63
65 66
66 65
66 160
67 48
67 49
67 68
67 192
68 67
68 183
68 214
69 52
69 70
69 175
70 52
70 69
70 209
71 72
71 186
71 496
72 71
73 74
74 73
75 32
76 77
76 172
77 76
78 79
79 78
80 81
81 80
81 127
82 83
83 82
84 85
84 1060
85 84
86 87
86 132
86 294
86 460
86 521
86 963
86 1089
86 1131
86 1133
87 86
87 132
87 294
87 460
87 521
87 963
87 1089
87 1131
87 1133
88 3
89 90
89 287
90 89
91 92
91 93
92 91
92 93
93 91
93 92
93 775
94 60
94 426
95 96
95 97
95 138
96 95
96 97
97 95
97 96
97 100
98 99
99 98
99 101
100 97
101 99
102 63
102 103
102 104
102 105
102 257
102 272
102 273
102 314
103 102
103 104
103 105
104 102
104 103
104 105
105 102
105 103
105 104
106 107
107 106
108 109
109 108
109 112
109 120
109 221
109 282
109 290
109 291
109 855
109 856
110 111
110 112
110 131
111 110
111 112
111 131
111 133
111 279
111 288
111 289
111 628
112 109
112 110
112 111
112 221
112 260
112 282
112 290
112 291
112 295
112 296
112 580
112 645
112 652
112 956
112 1025
113 114
114 113
115 29
115 116
115 405
116 29
116 115
116 301
116 763
116 764
117 118
118 117
118 151
119 120
119 121
119 560
120 109
120 119
120 121
120 124
120 273
120 301
120 316
120 320
120 643
120 644
120 651
121 119
121 120
121 560
122 23
122 123
122 124
122 300
122 643
122 780
122 781
122 782
123 23
123 122
123 124
123 607
124 23
124 120
124 122
124 123
124 273
125 126
125 144
125 751
126 125
126 612
127 81
127 217
128 129
129 128
130 131
130 132
130 178
130 299
130 517
131 110
131 111
131 130
131 132
131 299
131 518
132 86
132 87
132 130
132 131
132 299
132 316
132 460
132 617
132 618
132 650
132 858
132 859
133 111
133 134
133 204
134 133
135 136
135 137
135 626
135 627
135 736
135 737
136 135
136 137
136 484
136 485
137 135
137 136
138 95
139 140
140 139
141 142
141 143
142 141
142 143
143 141
143 142
144 125
144 615
145 146
146 145
147 148
148 147
149 150
150 149
151 118
152 153
152 357
152 396
153 152
153 264
153 267
153 357
153 377
153 646
154 155
155 154
156 157
156 340
157 156
158 159
159 158
160 66
161 162
161 168
161 169
162 161
163 164
163 439
163 440
164 163
165 166
165 867
165 868
166 165
167 168
168 161
168 167
168 169
169 161
169 168
170 171
171 170
172 76
173 174
174 173
175 52
175 69
176 177
177 176
178 130
178 179
178 492
178 493
179 178
179 404
179 623
180 181
180 182
180 183
180 184
180 185
181 180
181 182
182 180
182 181
183 68
183 180
183 184
183 185
183 195
183 214
184 180
184 183
184 185
184 198
185 180
185 183
185 184
186 71
186 496
187 188
188 187
189 190
189 191
190 189
190 191
190 217
191 189
191 190
191 217
192 48
192 49
192 67
193 194
194 193
195 183
196 197
197 196
198 184
199 200
200 199
201 202
202 201
203 204
203 292
203 293
203 472
204 133
204 203
205 206
206 205
206 481
206 578
206 579
207 208
208 207
209 52
209 70
210 211
211 210
212 213
213 212
214 68
214 183
215 216
216 215
217 127
217 190
217 191
217 336
217 448
218 22
218 219
219 218
220 221
220 222
220 274
220 527
220 528
221 109
221 112
221 220
221 222
221 260
221 274
221 282
221 296
221 345
221 571
221 855
221 856
222 220
222 221
223 224
224 223
225 226
226 225
227 228
227 229
227 230
228 227
228 229
228 230
229 227
229 228
229 230
230 227
230 228
230 229
231 232
232 231
232 631
232 632
233 234
233 235
234 233
234 235
235 233
235 234
236 237
237 236
237 309
238 239
239 238
240 241
240 269
240 506
241 240
242 243
242 244
242 261
243 242
243 244
244 242
244 243
245 246
246 245
247 248
248 247
249 250
250 249
251 252
252 251
253 254
254 253
255 256
256 255
257 102
258 259
258 677
258 678
258 679
259 258
260 112
260 221
260 345
260 601
261 242
261 262
261 525
261 616
262 261
262 525
262 616
263 264
264 153
264 263
264 267
265 266
265 660
265 1139
265 1140
266 265
266 707
267 153
267 264
268 269
269 240
269 268
269 506
270 271
271 270
272 63
272 102
272 273
273 63
273 102
273 120
273 124
273 272
274 220
274 221
275 276
276 275
277 278
278 277
279 111
280 281
281 280
282 109
282 112
282 221
282 295
282 449
282 529
282 787
283 284
283 485
283 551
283 552
284 283
285 286
285 329
286 285
286 329
287 89
287 890
288 111
288 289
289 111
289 288
290 109
290 112
290 291
291 109
291 112
291 290
292 203
292 293
293 203
293 292
293 307
293 308
293 354
293 375
293 460
294 86
294 87
294 522
295 112
295 282
295 296
296 112
296 221
296 295
297 298
298 297
299 130
299 131
299 132
299 461
299 995
299 1114
300 122
300 319
300 320
300 773
301 116
301 120
301 763
301 764
302 303
302 315
303 302
304 31
305 306
306 305
307 293
307 308
308 293
308 307
309 237
310 311
311 310
312 313
313 312
314 102
315 302
315 464
315 465
315 477
316 120
316 132
316 320
316 651
317 318
318 317
319 300
319 320
320 120
320 300
320 316
320 319
320 643
320 644
320 651
320 773
321 22
321 322
322 321
323 324
323 610
324 323
325 326
326 325
327 328
328 327
328 335
329 285
329 286
329 330
329 331
329 332
329 418
330 329
330 331
330 332
330 345
331 329
331 330
331 332
332 329
332 330
332 331
332 345
333 334
333 478
333 970
334 333
335 328
336 217
336 337
336 448
337 336
338 339
339 338
340 156
340 343
340 344
341 342
341 985
342 341
343 340
343 344
344 340
344 343
345 221
345 260
345 330
345 332
345 816
345 988
346 347
346 348
347 346
347 348
348 346
348 347
348 1172
349 350
349 351
350 349
350 351
351 349
351 350
352 353
353 352
354 293
355 356
355 360
356 355
357 152
357 153
357 363
357 364
357 376
357 377
357 382
357 646
358 359
359 358
360 355
361 362
362 361
363 357
363 364
364 357
364 363
364 367
365 366
365 385
365 386
365 468
366 365
366 468
367 364
368 369
369 368
370 371
370 372
370 373
370 374
370 502
370 514
371 370
371 372
371 373
371 374
371 502
371 514
372 370
372 371
372 373
372 374
372 502
372 514
373 370
373 371
373 372
373 374
374 370
374 371
374 372
374 373
375 293
376 357
377 153
377 357
377 646
378 379
379 378
380 381
380 393
381 380
382 357
382 702
382 843
382 1024
383 384
384 383
385 365
385 386
386 365
386 385
387 388
388 387
389 390
390 389
391 392
392 391
393 380
394 395
394 397
394 398
395 394
396 152
397 394
397 398
398 394
398 397
399 400
400 399
401 402
402 401
403 404
404 179
404 403
404 623
405 115
406 407
406 408
407 406
407 408
408 406
408 407
409 410
409 1030
409 1031
409 1070
409 1071
409 1072
410 409
411 412
412 411
413 414
414 413
415 7
416 417
417 416
417 811
417 812
418 329
418 701
418 702
418 967
418 968
418 1122
419 420
419 421
420 419
420 421
420 1136
421 419
421 420
422 423
423 422
424 425
425 424
426 94
427 428
428 427
429 430
430 429
431 432
431 656
431 657
432 431
433 434
434 433
435 23
435 436
436 23
436 435
437 438
438 437
439 163
439 440
440 163
440 439
441 442
442 441
443 444
444 443
445 446
445 447
446 445
446 447
446 503
447 445
447 446
447 978
447 993
448 217
448 336
449 282
450 451
451 450
452 453
453 452
454 455
455 454
456 23
456 457
456 589
456 847
457 456
458 459
459 458
460 86
460 87
460 132
460 293
460 521
461 299
462 463
463 462
464 315
464 465
465 315
465 464
465 477
466 467
467 466
468 365
468 366
469 470
470 469
471 472
472 203
472 471
473 474
474 473
475 476
476 475
476 477
477 315
477 465
477 476
478 333
479 480
480 479
481 206
482 483
483 482
484 22
484 136
484 485
485 136
485 283
485 484
485 551
485 552
485 553
485 653
485 654
485 655
486 487
486 783
486 1131
486 1141
486 1142
487 486
488 489
489 488
490 491
491 490
492 178
492 493
493 178
493 492
494 495
495 494
496 71
496 186
497 498
497 499
497 787
498 497
498 499
499 497
499 498
500 501
500 502
500 515
500 516
501 500
501 502
501 507
501 508
502 370
502 371
502 372
502 500
502 501
502 514
503 446
504 505
505 504
506 240
506 269
507 501
507 508
508 501
508 507
509 510
509 511
510 509
510 511
510 688
511 509
511 510
512 513
513 512
514 370
514 371
514 372
514 502
515 500
515 516
516 500
516 515
517 130
518 131
518 707
518 893
519 520
520 519
521 86
521 87
521 460
522 294
523 524
524 523
525 261
525 262
525 616
526 59
527 220
527 528
528 220
528 527
529 282
529 530
530 529
530 788
530 789
530 1032
531 532
532 531
533 534
533 541
533 542
534 533
535 536
536 535
537 538
537 548
538 537
539 540
540 539
541 533
541 542
542 533
542 541
543 544
544 543
545 546
546 545
547 49
548 537
549 550
550 549
551 283
551 485
551 552
551 553
552 283
552 485
552 551
552 553
553 485
553 551
553 552
554 555
555 554
556 557
557 556
558 559
558 583
558 584
559 558
560 119
560 121
561 562
561 581
561 615
561 622
561 629
561 774
562 561
563 564
564 563
565 566
566 565
567 568
568 567
569 570
570 569
571 221
572 573
573 572
574 6
574 575
575 6
575 574
576 577
576 868
576 869
577 576
577 630
577 864
578 206
578 578
578 579
578 611
579 206
579 578
580 112
580 581
580 582
580 652
580 759
581 561
581 580
581 582
581 774
582 580
582 581
583 558
583 584
584 558
584 583
585 586
586 585
586 1027
586 1054
586 1055
587 588
588 587
589 23
589 456
589 633
590 591
591 590
592 593
593 592
594 595
595 594
596 597
597 596
598 599
599 598
599 772
600 601
600 602
600 815
600 1169
601 260
601 600
601 602
602 600
602 601
603 604
604 603
605 606
606 605
607 123
608 609
609 608
610 323
611 578
612 126
613 614
614 613
615 144
615 561
615 622
615 629
615 1167
616 261
616 262
616 525
617 132
617 618
618 132
618 617
619 620
619 840
619 1068
620 619
621 622
622 561
622 615
622 621
622 629
622 647
623 179
623 404
623 972
624 625
624 744
625 624
626 135
626 627
627 135
627 626
627 786
628 111
629 561
629 615
629 622
630 577
630 864
631 232
631 632
632 232
632 631
633 23
633 589
633 1074
634 635
634 817
635 634
636 637
636 638
637 636
637 638
637 865
637 866
638 636
638 637
639 640
640 639
641 642
641 751
641 755
641 756
641 757
641 758
642 641
643 120
643 122
643 320
643 644
643 780
643 781
643 782
643 785
644 120
644 320
644 643
645 112
646 153
646 357
646 377
647 622
647 1012
648 649
649 648
650 132
651 120
651 316
651 320
652 112
652 580
653 485
653 654
653 655
654 485
654 653
654 655
655 485
655 653
655 654
655 665
655 666
656 431
656 657
656 891
657 431
657 656
657 891
657 894
658 659
659 658
660 265
661 662
662 661
663 664
664 663
664 671
664 684
665 655
665 666
666 655
666 665
667 668
668 667
669 670
669 671
669 674
669 685
669 686
669 698
670 669
670 671
671 664
671 669
671 670
671 716
671 717
672 673
672 674
673 672
673 674
674 669
674 672
674 673
674 698
675 676
676 675
677 258
677 678
677 679
677 734
678 258
678 677
678 679
679 258
679 677
679 678
680 681
680 950
681 680
681 875
681 876
682 683
683 682
684 664
685 669
685 686
686 669
686 685
686 693
686 694
687 688
687 1154
688 510
688 687
689 690
690 689
691 692
692 691
693 686
693 694
694 686
694 693
694 697
695 696
696 695
697 694
697 1106
698 669
698 674
699 700
700 699
701 418
701 702
702 382
702 418
702 701
702 743
703 704
704 703
704 720
705 706
706 705
707 266
707 518
707 893
708 709
708 710
708 722
709 708
709 710
709 722
710 708
710 709
710 722
711 712
712 711
713 714
713 715
714 713
714 715
714 740
714 741
715 713
715 714
715 730
715 740
715 741
716 671
716 717
716 721
717 671
717 716
718 719
719 718
720 704
720 735
721 716
722 708
722 709
722 710
722 723
723 722
723 731
724 725
725 724
726 727
727 726
728 729
728 730
729 728
729 730
730 715
730 728
730 729
731 723
732 733
733 732
734 677
735 720
736 135
736 737
737 135
737 736
738 739
739 738
740 714
740 715
740 741
741 714
741 715
741 740
742 743
743 702
743 742
744 624
745 746
746 745
747 748
747 749
747 750
748 747
748 749
748 750
748 965
748 966
749 747
749 748
749 750
750 747
750 748
750 749
750 778
750 779
751 125
751 641
751 755
751 756
751 757
751 758
752 15
753 754
753 895
754 753
754 895
754 896
755 641
755 751
755 756
755 757
755 758
756 641
756 751
756 755
756 757
756 758
757 641
757 751
757 755
757 756
757 758
758 641
758 751
758 755
758 756
758 757
759 580
760 761
760 762
761 760
761 762
762 760
762 761
763 116
763 301
763 764
764 116
764 301
764 763
765 766
766 765
767 768
768 767
769 770
769 1166
770 769
771 772
772 599
772 771
772 842
773 300
773 320
774 561
774 581
774 982
774 1095
774 1179
775 93
776 777
777 776
778 750
778 779
779 750
779 778
779 998
780 122
780 643
780 781
780 782
781 122
781 643
781 780
781 782
781 785
782 122
782 643
782 780
782 781
783 486
783 784
783 1131
783 1141
783 1142
784 783
785 643
785 781
786 627
787 282
787 497
788 530
788 789
789 530
789 788
790 791
791 790
792 793
793 792
794 795
795 794
795 796
796 795
797 798
797 799
798 797
798 799
799 797
799 798
800 801
801 800
801 808
802 803
802 804
802 805
803 802
803 804
803 805
804 802
804 803
804 805
805 802
805 803
805 804
806 807
807 806
808 801
809 810
810 809
811 417
811 812
812 417
812 811
813 814
814 813
815 600
815 816
816 345
816 815
816 988
816 1003
817 634
818 819
819 818
820 821
820 822
821 820
821 822
822 820
822 821
823 824
824 823
825 826
825 827
826 825
826 827
827 825
827 826
828 829
829 828
830 831
830 832
831 830
831 832
832 830
832 831
833 834
834 833
835 836
836 835
837 838
837 839
837 909
838 837
838 839
839 837
839 838
840 619
840 841
841 840
842 772
843 382
843 844
844 843
845 846
846 845
847 456
848 849
848 850
849 848
849 850
850 848
850 849
851 852
852 851
853 854
853 857
854 853
855 109
855 221
855 856
856 109
856 221
856 855
857 853
857 1043
858 132
858 859
859 132
859 858
860 861
861 860
862 863
863 862
864 577
864 630
865 637
865 866
866 637
866 865
867 165
867 868
868 165
868 576
868 867
868 869
869 576
869 868
870 871
871 870
872 873
872 874
873 872
873 874
874 872
874 873
874 877
875 681
875 876
876 681
876 875
877 874
878 879
878 880
879 878
879 880
880 878
880 879
881 882
881 883
882 881
882 883
883 881
883 882
884 885
884 886
884 887
885 884
886 884
886 887
887 884
887 886
888 889
889 9
889 888
890 287
891 656
891 657
891 894
892 5
892 6
893 518
893 707
893 948
893 957
893 964
893 1153
893 1159
893 1160
893 1161
894 657
894 891
895 753
895 754
895 959
896 754
897 898
898 897
899 900
900 899
900 905
900 906
900 934
901 902
901 903
901 904
902 901
902 903
902 904
903 901
903 902
903 904
904 901
904 902
904 903
905 900
905 906
905 934
906 900
906 905
907 908
908 907
909 837
909 1119
910 911
911 910
912 913
913 912
914 915
915 914
916 917
916 918
916 943
917 916
918 916
918 919
918 920
918 921
918 943
919 918
919 920
919 921
920 918
920 919
920 921
920 935
920 936
920 1143
920 1146
920 1158
921 918
921 919
921 920
922 923
923 922
923 924
924 923
925 926
925 974
925 975
925 1019
926 925
926 946
926 1220
927 928
927 929
927 1160
928 927
928 929
929 927
929 928
930 931
931 930
931 1168
932 933
933 932
934 900
934 905
935 920
935 936
935 1054
935 1111
935 1224
936 920
936 935
937 938
938 937
939 940
940 939
941 942
942 941
943 916
943 918
943 1033
943 1034
944 945
944 946
945 944
945 946
946 926
946 944
946 945
946 973
946 995
946 1115
946 1116
946 1220
947 948
948 893
948 947
948 957
948 964
948 1153
948 1159
948 1160
948 1161
949 950
949 951
950 680
950 949
950 951
951 949
951 950
952 953
952 1213
953 952
954 955
955 954
956 112
957 893
957 948
957 958
957 964
957 1153
957 1159
957 1160
957 1161
958 957
959 895
959 971
960 961
960 962
961 960
961 962
962 960
962 961
963 86
963 87
963 964
963 1089
964 893
964 948
964 957
964 963
964 1153
964 1159
964 1160
964 1161
965 748
965 966
966 748
966 965
967 418
967 968
967 1111
968 418
968 967
969 970
970 333
970 969
970 1223
971 959
972 623
973 946
974 925
974 975
974 1182
975 925
975 974
976 977
976 1084
976 1085
977 976
978 447
978 979
978 993
979 978
979 1017
980 981
981 980
982 774
982 1179
983 984
984 983
985 341
985 1010
986 987
987 986
987 1109
988 345
988 816
988 1002
988 1003
989 990
990 989
990 1006
990 1009
990 1044
990 1059
990 1081
990 1130
991 992
992 991
992 1080
993 447
993 978
993 994
993 1079
993 1100
993 1123
994 993
995 299
995 946
995 1114
996 997
997 996
997 1008
998 779
998 1048
999 1000
999 1001
1000 999
1000 1001
1001 999
1001 1000
1001 1069
1002 988
1002 1003
1002 1090
1003 816
1003 988
1003 1002
1003 1011
1004 1005
1005 1004
1006 990
1007 1008
1007 1107
1008 997
1008 1007
1009 990
1010 985
1011 1003
1012 647
1013 1014
1014 1013
1015 1016
1016 1015
1017 979
1018 1019
1019 925
1019 1018
1020 1021
1021 1020
1022 1023
1023 1022
1024 382
1025 112
1026 1027
1026 1067
1026 1086
1026 1088
1027 586
1027 1026
1027 1035
1027 1036
1027 1067
1028 1029
1028 1058
1029 1028
1029 1062
1030 409
1030 1031
1030 1070
1030 1071
1030 1072
1031 409
1031 1030
1032 530
1032 1058
1032 1100
1033 943
1033 1034
1034 943
1034 1033
1035 1027
1035 1036
1035 1037
1036 1027
1036 1035
1036 1037
1036 1085
1037 1035
1037 1036
1038 1039
1039 1038
1040 1041
1040 1042
1041 1040
1041 1042
1042 1040
1042 1041
1043 857
1044 990
1045 1046
1045 1047
1046 1045
1046 1047
1046 1131
1047 1045
1047 1046
1048 998
1049 1050
1049 1051
1050 1049
1050 1051
1051 1049
1051 1050
1052 1053
1053 1052
1054 586
1054 935
1054 1055
1054 1111
1054 1224
1055 586
1055 1054
1056 1057
1057 1056
1057 1061
1057 1075
1057 1076
1058 1028
1058 1032
1058 1100
1058 1108
1059 990
1060 84
1061 1057
1062 1029
1063 1064
1064 1063
1065 1066
1066 1065
1067 1026
1067 1027
1067 1088
1067 1110
1068 619
1069 1001
1070 409
1070 1030
1071 409
1071 1030
1071 1072
1072 409
1072 1030
1072 1071
1073 1074
1074 633
1074 1073
1075 1057
1075 1076
1076 1057
1076 1075
1077 1078
1078 1077
1079 993
1080 992
1081 990
1082 1083
1083 1082
1084 976
1084 1085
1085 976
1085 1036
1085 1084
1085 1105
1086 1026
1087 1088
1087 1132
1088 1026
1088 1067
1088 1087
1088 1132
1089 86
1089 87
1089 963
1089 1191
1090 1002
1091 1092
1092 1091
1093 1094
1093 1180
1093 1181
1094 1093
1095 774
1096 1097
1096 1126
1097 1096
1098 1099
1099 1098
1100 993
1100 1032
1100 1058
1100 1123
1101 1102
1102 1101
1103 1104
1104 1103
1105 1085
1106 697
1107 1007
1108 1058
1109 987
1110 1067
1111 935
1111 967
1111 1054
1111 1162
1111 1224
1112 1113
1113 1112
1114 299
1114 995
1115 946
1115 1116
1116 946
1116 1115
1117 1118
1118 1117
1119 909
1120 1121
1121 1120
1122 418
1122 1207
1122 1208
1122 1209
1123 993
1123 1100
1124 1125
1125 1124
1126 1096
1127 1128
1127 1129
1128 1127
1128 1129
1129 1127
1129 1128
1130 990
1131 86
1131 87
1131 486
1131 783
1131 1046
1131 1133
1131 1137
1131 1141
1131 1142
1131 1217
1132 1087
1132 1088
1133 86
1133 87
1133 1131
1134 1135
1135 1134
1136 420
1137 1131
1137 1138
1137 1217
1138 1137
1139 265
1139 1140
1140 265
1140 1139
1141 486
1141 783
1141 1131
1141 1142
1141 1155
1142 486
1142 783
1142 1131
1142 1141
1143 920
1144 1145
1145 1144
1146 920
1146 1147
1146 1158
1147 1146
1148 1149
1149 1148
1150 1151
1151 1150
1152 1153
1153 893
1153 948
1153 957
1153 964
1153 1152
1153 1159
1153 1160
1153 1161
1154 687
1155 1141
1156 1157
1157 1156
1158 920
1158 1146
1159 893
1159 948
1159 957
1159 964
1159 1153
1159 1160
1159 1161
1160 893
1160 927
1160 948
1160 957
1160 964
1160 1153
1160 1159
1160 1161
1161 893
1161 948
1161 957
1161 964
1161 1153
1161 1159
1161 1160
1162 1111
1162 1163
1163 1162
1164 1165
1165 1164
1166 769
1167 615
1167 1177
1168 931
1169 600
1170 1171
1171 1170
1172 348
1173 1174
1174 1173
1175 1176
1175 1189
1176 1175
1177 1167
1178 1179
1179 774
1179 982
1179 1178
1180 1093
1180 1181
1181 1093
1181 1180
1182 974
1182 1190
1183 1184
1184 1183
1185 1186
1186 1185
1187 1188
1188 1187
1189 1175
1190 1182
1191 1089
1192 1193
1193 1192
1194 1195
1195 1194
1196 1197
1197 1196
1197 1224
1198 1199
1199 1198
1200 1201
1201 1200
1202 1203
1203 1202
1204 1205
1204 1206
1205 1204
1205 1206
1206 1204
1206 1205
1207 1122
1207 1208
1207 1209
1208 1122
1208 1207
1208 1209
1209 1122
1209 1207
1209 1208
1210 1211
1210 1212
1211 1210
1211 1212
1212 1210
1212 1211
1213 952
1214 1215
1214 1216
1215 1214
1215 1216
1216 1214
1216 1215
1217 1131
1217 1137
1218 1219
1219 1218
1220 926
1220 946
1221 1222
1222 1221
1223 970
1224 935
1224 1054
1224 1111
1224 1197
1225 1226
1226 1225
