1 2
2 1
2 710
2 711
2 712
2 738
2 739
3 4
3 5
4 3
4 5
4 619
5 3
5 4
6 7
7 6
7 123
7 124
7 125
8 9
9 8
10 11
10 12
10 33
11 10
11 12
11 33
12 10
12 11
12 33
13 14
13 918
13 919
14 13
15 16
16 15
17 18
18 17
19 20
20 19
20 948
21 22
22 21
23 24
24 23
25 26
26 25
27 28
28 27
29 30
30 29
31 32
32 31
33 10
33 11
33 12
34 35
35 34
36 37
36 42
37 36
38 39
38 40
39 38
39 40
40 38
40 39
40 41
41 40
42 36
43 44
44 43
45 46
46 45
47 48
47 604
47 788
48 47
49 50
50 49
50 130
51 52
52 51
53 54
54 53
55 56
56 55
57 58
57 59
57 60
58 57
58 59
58 60
58 81
58 141
59 57
59 58
59 60
60 57
60 58
60 59
61 62
62 61
63 64
64 63
65 66
66 65
67 68
68 67
69 70
70 69
71 72
72 71
73 74
74 73
74 182
74 570
74 571
75 76
76 75
77 78
78 77
79 80
80 79
81 58
82 83
83 82
84 85
84 86
85 84
85 86
86 84
86 85
87 88
88 87
88 556
88 557
89 90
90 89
90 397
91 92
91 93
92 91
92 93
93 91
93 92
94 95
95 94
96 97
97 96
98 99
99 98
100 101
100 102
101 100
101 102
101 104
101 109
101 110
101 117
101 198
101 314
101 416
101 658
102 100
102 101
102 104
102 109
102 110
102 117
102 198
102 314
102 416
102 471
102 658
103 104
103 105
103 106
103 750
104 101
104 102
104 103
104 105
104 106
104 109
104 110
104 199
104 200
104 204
104 750
104 774
104 895
104 911
105 103
105 104
105 106
105 199
105 200
105 774
105 895
105 911
106 103
106 104
106 105
106 750
107 108
107 631
107 772
107 789
108 107
108 772
109 101
109 102
109 104
109 110
109 203
109 204
109 205
109 206
109 314
109 410
109 416
110 101
110 102
110 104
110 109
110 314
110 416
111 112
112 111
113 114
113 115
113 405
113 779
113 790
114 113
114 115
114 405
114 779
114 790
115 113
115 114
115 246
115 312
115 313
115 314
115 405
115 406
115 779
115 790
116 117
116 413
116 543
117 101
117 102
117 116
117 197
117 198
117 409
117 413
117 471
117 658
117 874
118 119
119 118
120 121
120 122
120 827
120 837
120 838
120 932
121 120
121 122
121 827
121 831
121 832
121 837
121 838
122 120
122 121
122 827
123 7
123 124
123 125
124 7
124 123
124 125
125 7
125 123
125 124
126 127
127 126
128 129
129 128
130 50
131 132
132 131
133 134
134 133
135 136
135 594
135 797
135 798
136 135
137 138
138 137
139 140
140 139
141 58
142 143
142 144
143 142
143 144
144 142
144 143
145 146
146 145
147 148
148 147
149 150
149 151
150 149
150 151
150 192
151 149
151 150
151 185
151 186
151 187
152 153
153 152
154 155
155 154
156 157
156 158
157 156
157 158
157 179
157 475
158 156
158 157
159 160
160 159
161 162
161 163
161 164
161 167
161 168
162 161
163 161
163 164
163 173
164 161
164 163
164 167
164 168
165 166
165 1057
166 165
167 161
167 164
167 168
168 161
168 164
168 167
169 170
170 169
171 172
172 171
173 163
174 175
175 174
175 330
176 177
177 176
178 179
178 387
178 388
179 157
179 178
179 499
180 181
181 180
181 392
181 489
182 74
182 494
183 184
183 354
183 355
184 183
185 151
185 186
185 187
186 151
186 185
186 187
187 151
187 185
187 186
188 189
189 188
189 490
189 491
189 576
190 191
191 190
192 150
193 194
194 193
195 196
195 224
195 225
195 226
196 195
197 117
197 198
197 238
198 101
198 102
198 117
198 197
198 238
198 874
199 104
199 105
199 200
199 495
199 1251
200 104
200 105
200 199
201 202
201 278
201 430
202 201
203 109
203 204
203 205
203 206
203 1226
204 104
204 109
204 203
204 205
204 206
205 109
205 203
205 204
205 206
205 779
205 780
205 791
206 109
206 203
206 204
206 205
206 779
206 780
207 208
208 207
209 210
209 331
209 332
209 333
210 209
210 883
211 212
212 211
212 654
212 655
213 214
213 555
214 213
215 216
215 217
216 215
216 217
217 215
217 216
218 219
218 220
218 221
219 218
219 220
219 221
220 218
220 219
220 221
221 218
221 219
221 220
221 256
221 278
221 279
221 300
221 301
221 302
222 223
223 222
224 195
224 225
225 195
225 224
226 195
226 1035
227 228
227 229
228 227
228 229
229 227
229 228
229 347
230 231
231 230
232 233
233 232
234 235
234 236
234 237
235 234
235 236
235 237
236 234
236 235
236 237
237 234
237 235
237 236
238 197
238 198
239 240
240 239
241 242
242 241
243 244
244 243
245 246
245 1315
246 115
246 245
246 312
246 313
246 314
247 248
248 247
249 250
250 249
251 252
251 253
251 282
251 283
251 284
252 251
252 253
252 658
253 251
253 252
254 255
255 254
256 221
257 258
257 558
257 559
257 1107
258 257
258 604
258 626
258 1169
259 260
259 261
260 259
260 261
261 259
261 260
262 263
262 492
262 493
263 262
263 273
264 265
265 264
266 267
267 266
268 269
268 270
268 1087
268 1145
268 1146
268 1150
268 1154
268 1185
269 268
269 270
269 344
270 268
270 269
270 390
270 416
270 594
270 605
270 622
270 667
270 792
270 793
270 794
271 272
272 271
273 263
274 275
275 274
276 277
277 276
278 201
278 221
278 300
278 301
278 302
279 221
279 478
280 281
280 308
281 280
282 251
282 283
282 284
283 251
283 282
283 284
284 251
284 282
284 283
284 336
285 286
285 287
286 285
286 287
287 285
287 286
288 289
289 288
289 296
289 297
289 343
290 291
291 290
292 293
292 606
292 1338
292 1339
293 292
294 295
295 294
296 289
296 297
296 329
297 289
297 296
298 299
299 298
300 221
300 278
300 301
300 302
300 774
301 221
301 278
301 300
301 302
301 1004
301 1005
301 1083
302 221
302 278
302 300
302 301
302 418
302 484
303 304
304 303
305 306
305 307
305 1174
305 1175
306 305
306 307
306 633
307 305
307 306
308 280
309 310
309 311
309 318
310 309
310 311
310 318
310 602
310 603
311 309
311 310
312 115
312 246
312 313
312 314
313 115
313 246
313 312
313 314
313 405
313 406
314 101
314 102
314 109
314 110
314 115
314 246
314 312
314 313
314 416
315 316
315 317
315 318
315 319
316 315
316 317
316 318
316 319
317 315
317 316
317 318
317 319
318 309
318 310
318 315
318 316
318 317
318 319
318 435
318 521
318 522
318 602
318 603
318 636
318 637
318 714
318 715
319 315
319 316
319 317
319 318
320 321
321 320
322 323
323 322
324 325
325 324
326 327
326 328
327 326
327 328
328 326
328 327
329 296
330 175
331 209
331 332
331 333
332 209
332 331
332 333
333 209
333 331
333 332
334 335
334 337
335 334
336 284
337 334
338 339
339 338
340 341
340 342
341 340
341 342
342 340
342 341
343 289
344 269
345 346
345 523
346 345
347 229
348 349
349 348
350 351
351 350
352 353
353 352
354 183
354 355
355 183
355 354
355 933
356 357
356 1068
356 1069
357 356
358 359
359 358
359 362
359 369
359 381
359 393
359 394
359 396
360 361
361 360
362 359
363 364
364 363
364 370
365 366
365 367
365 402
366 365
366 367
367 365
367 366
367 402
368 369
369 359
369 368
369 377
369 381
370 364
371 372
372 371
372 1266
373 374
374 373
375 376
376 375
377 369
377 378
377 379
377 380
378 377
378 379
378 380
379 377
379 378
379 380
379 384
380 377
380 378
380 379
381 359
381 369
382 383
383 382
384 379
385 386
386 385
387 178
387 388
388 178
388 387
388 505
389 390
389 391
390 270
390 389
390 622
390 1052
390 1141
390 1142
390 1143
391 389
392 181
393 359
393 394
393 398
393 399
394 359
394 393
395 396
396 359
396 395
397 90
398 393
398 399
399 393
399 398
400 401
401 400
402 365
402 367
402 474
402 502
403 404
404 403
405 113
405 114
405 115
405 313
405 406
405 779
405 790
406 115
406 313
406 405
407 408
407 409
408 407
408 409
409 117
409 407
409 408
410 109
411 412
412 411
413 116
413 117
413 596
414 415
415 414
416 101
416 102
416 109
416 110
416 270
416 314
416 594
416 605
416 622
417 418
417 419
418 302
418 417
418 419
419 417
419 418
420 421
420 422
420 462
421 420
421 422
421 462
422 420
422 421
422 462
423 424
423 1052
423 1276
424 423
424 447
424 448
424 449
424 454
425 426
426 425
427 428
428 427
429 430
429 431
429 432
430 201
430 429
430 431
430 432
431 429
431 430
431 432
432 429
432 430
432 431
433 434
434 433
435 318
435 436
435 603
435 636
435 637
436 435
437 438
438 437
439 440
439 524
439 913
439 914
440 439
440 524
441 442
442 441
443 444
444 443
445 446
446 445
447 424
447 448
447 449
448 424
448 447
448 449
449 424
449 447
449 448
450 451
451 450
452 453
452 459
453 452
453 459
454 424
455 456
456 455
457 458
458 457
459 452
459 453
459 520
459 529
459 530
460 461
461 460
462 420
462 421
462 422
463 464
464 463
465 466
466 465
467 468
468 467
469 470
470 469
470 513
470 526
471 102
471 117
472 473
473 472
474 402
474 502
475 157
476 477
477 476
478 279
478 1265
479 480
480 479
481 482
481 483
482 481
482 483
483 481
483 482
484 302
484 551
485 486
486 485
487 488
488 487
489 181
490 189
490 491
490 576
491 189
491 490
492 262
492 493
492 531
493 262
493 492
494 182
495 199
496 497
496 498
496 525
497 496
497 498
497 587
498 496
498 497
498 532
499 179
500 501
501 500
502 402
502 474
503 504
504 503
505 388
506 507
507 506
508 509
509 508
510 511
510 512
510 1138
511 510
511 512
512 510
512 511
513 470
514 515
515 514
516 517
517 516
518 519
518 537
518 538
518 539
518 540
519 518
519 530
520 459
521 318
521 522
522 318
522 521
523 345
524 439
524 440
525 496
526 470
527 528
528 527
529 459
529 530
530 459
530 519
530 529
531 492
532 498
533 534
533 550
533 552
534 533
535 536
536 535
537 518
537 538
537 539
537 540
538 518
538 537
538 539
538 540
539 518
539 537
539 538
539 540
540 518
540 537
540 538
540 539
541 542
542 541
543 116
544 545
544 626
544 878
545 544
546 547
547 546
548 549
548 665
548 1273
549 548
550 533
550 552
551 484
552 533
552 550
553 554
554 553
555 213
556 88
556 557
557 88
557 556
558 257
558 559
558 1099
558 1190
558 1191
559 257
559 558
560 561
560 562
561 560
561 562
562 560
562 561
563 564
563 565
564 563
564 565
565 563
565 564
566 567
567 566
568 569
569 568
570 74
570 571
571 74
571 570
572 573
573 572
574 575
575 574
576 189
576 490
577 578
578 577
579 580
580 579
581 582
582 581
583 584
584 583
585 586
586 585
587 497
588 589
589 588
590 591
591 590
592 593
593 592
594 135
594 270
594 416
594 605
594 622
595 596
595 597
596 413
596 595
596 597
597 595
597 596
597 625
597 811
597 812
598 599
599 598
600 601
601 600
601 647
602 310
602 318
602 603
603 310
603 318
603 435
603 602
603 636
603 637
604 47
604 258
604 1169
604 1216
605 270
605 416
605 594
606 292
606 640
607 608
608 607
609 610
610 609
611 612
612 611
613 614
614 613
615 616
615 617
615 618
616 615
616 617
616 618
617 615
617 616
617 618
618 615
618 616
618 617
619 4
620 621
621 620
622 270
622 390
622 416
622 594
623 624
624 623
625 597
626 258
626 544
626 878
627 628
628 627
629 630
629 631
629 632
630 629
630 631
630 632
631 107
631 629
631 630
631 632
631 789
631 799
632 629
632 630
632 631
632 1234
633 306
634 635
635 634
636 318
636 435
636 603
636 637
637 318
637 435
637 603
637 636
638 639
639 638
640 606
641 642
642 641
643 644
644 643
645 646
646 645
647 601
648 649
649 648
650 651
651 650
651 1237
652 653
653 652
654 212
654 655
655 212
655 654
656 657
657 656
658 101
658 102
658 117
658 252
659 660
660 659
661 662
662 661
663 664
663 731
663 732
664 663
665 548
666 667
667 270
667 666
667 792
667 793
667 794
668 669
669 668
670 671
670 681
670 682
671 670
672 673
672 674
672 678
673 672
673 674
674 672
674 673
675 676
675 677
676 675
676 677
677 675
677 676
678 672
679 680
680 679
681 670
681 682
682 670
682 681
683 684
683 685
683 716
684 683
684 685
684 721
684 743
684 929
685 683
685 684
685 716
685 926
685 927
686 687
686 688
686 725
687 686
687 688
687 952
687 968
687 970
688 686
688 687
689 690
690 689
691 692
691 693
692 691
692 693
693 691
693 692
693 891
693 892
693 893
693 912
694 695
695 694
695 727
696 697
697 696
697 928
698 699
698 713
699 698
699 713
700 701
701 700
701 917
701 966
702 703
703 702
704 705
705 704
706 707
706 726
707 706
708 709
709 708
710 2
710 711
710 712
711 2
711 710
711 712
712 2
712 710
712 711
712 738
712 739
713 698
713 699
713 719
713 720
714 318
714 715
715 318
715 714
716 683
716 685
717 718
718 717
719 713
719 720
720 713
720 719
721 684
721 722
721 740
721 741
721 742
721 929
722 721
723 724
724 723
724 896
724 897
724 898
724 899
725 686
726 706
727 695
727 733
728 729
728 730
729 728
729 730
730 728
730 729
731 663
731 732
732 663
732 731
733 727
734 735
734 736
734 737
735 734
735 736
735 737
735 961
735 962
735 969
736 734
736 735
736 737
736 744
736 935
736 936
737 734
737 735
737 736
738 2
738 712
738 739
739 2
739 712
739 738
740 721
740 741
740 742
741 721
741 740
741 742
742 721
742 740
742 741
743 684
744 736
744 745
744 935
744 936
745 744
746 747
747 746
748 749
749 748
749 773
750 103
750 104
750 106
751 752
751 753
752 751
752 753
753 751
753 752
754 755
754 756
755 754
755 756
756 754
756 755
756 1032
757 758
757 759
757 802
757 924
757 925
757 1243
757 1246
757 1247
757 1248
757 1249
758 757
758 759
758 768
758 769
759 757
759 758
759 1308
760 761
760 1112
761 760
762 763
763 762
763 972
763 973
763 1035
763 1160
764 765
765 764
766 767
767 766
768 758
768 769
769 758
769 768
770 771
771 770
772 107
772 108
773 749
773 1018
773 1019
773 1020
773 1052
773 1129
774 104
774 105
774 300
774 911
775 776
776 775
777 778
778 777
779 113
779 114
779 115
779 205
779 206
779 405
779 780
779 790
779 791
780 205
780 206
780 779
781 782
782 781
783 784
784 783
785 786
785 787
785 996
786 785
786 787
787 785
787 786
788 47
789 107
789 631
790 113
790 114
790 115
790 405
790 779
791 205
791 779
791 1052
792 270
792 667
792 793
792 794
793 270
793 667
793 792
793 794
794 270
794 667
794 792
794 793
795 796
796 795
796 813
797 135
797 798
798 135
798 797
798 900
799 631
799 816
799 817
800 801
801 800
802 757
802 803
802 804
802 1246
802 1247
802 1248
802 1249
802 1274
803 802
803 804
804 802
804 803
804 1030
804 1031
804 1118
805 806
805 875
805 1000
805 1001
806 805
807 808
808 807
809 810
809 972
809 1160
809 1179
809 1291
810 809
811 597
811 812
811 971
811 972
811 1052
811 1176
811 1192
811 1239
812 597
812 811
813 796
813 987
813 1038
814 815
815 814
816 799
816 817
817 799
817 816
818 819
819 818
820 821
821 820
822 823
823 822
824 825
825 824
826 827
826 828
827 120
827 121
827 122
827 826
827 828
828 826
828 827
829 830
829 839
829 850
830 829
830 840
831 121
831 832
832 121
832 831
833 834
834 833
835 836
836 835
837 120
837 121
837 838
838 120
838 121
838 837
839 829
840 830
841 842
842 841
843 844
844 843
845 846
845 847
846 845
846 847
847 845
847 846
848 849
849 848
850 829
851 852
852 851
853 854
854 853
855 856
856 855
857 858
858 857
858 1244
859 860
859 861
860 859
860 861
861 859
861 860
862 863
863 862
864 865
865 864
865 1181
865 1182
865 1183
866 867
867 866
868 869
869 868
870 871
871 870
872 873
873 872
874 117
874 198
875 805
876 877
877 876
877 1044
877 1088
878 544
878 626
879 880
880 879
881 882
882 881
883 210
884 885
885 884
886 887
886 888
887 886
887 888
888 886
888 887
889 890
890 889
891 693
891 892
891 893
891 894
891 912
892 693
892 891
892 893
892 894
892 912
893 693
893 891
893 892
893 894
893 902
893 908
893 912
894 891
894 892
894 893
895 104
895 105
896 724
896 897
896 898
897 724
897 896
897 898
898 724
898 896
898 897
899 724
900 798
901 902
902 893
902 901
903 904
903 905
904 903
904 905
905 903
905 904
906 907
907 906
908 893
909 910
910 909
911 104
911 105
911 774
912 693
912 891
912 892
912 893
913 439
913 914
914 439
914 913
915 916
916 915
917 701
918 13
918 919
919 13
919 918
920 921
921 920
922 923
923 922
924 757
924 925
925 757
925 924
926 685
926 927
927 685
927 926
928 697
928 988
928 989
929 684
929 721
930 931
931 930
932 120
933 355
934 935
934 936
934 945
935 736
935 744
935 934
935 936
935 945
935 1328
935 1329
936 736
936 744
936 934
936 935
936 945
937 938
938 937
938 958
938 959
938 960
939 940
940 939
941 942
942 941
943 944
944 943
945 934
945 935
945 936
946 947
947 946
948 20
949 950
950 949
951 952
952 687
952 951
952 968
952 970
953 954
953 955
954 953
954 955
955 953
955 954
956 957
957 956
958 938
958 959
958 960
959 938
959 958
959 960
960 938
960 958
960 959
960 1298
961 735
961 962
962 735
962 961
963 964
963 965
964 963
964 965
965 963
965 964
966 701
967 968
968 687
968 952
968 967
968 970
969 735
970 687
970 952
970 968
971 811
971 972
971 973
971 1035
971 1160
971 1239
972 763
972 809
972 811
972 971
972 973
972 1036
972 1037
972 1160
972 1168
972 1170
972 1179
972 1239
972 1264
972 1291
973 763
973 971
973 972
973 1160
974 975
975 974
976 977
976 978
977 976
977 978
978 976
978 977
979 980
980 979
981 982
982 981
983 984
983 1007
984 983
984 1007
984 1008
984 1009
985 986
986 985
987 813
988 928
988 989
989 928
989 988
990 991
990 1006
990 1125
990 1126
991 990
992 993
993 992
993 1015
994 995
994 1317
995 994
996 785
996 999
997 998
997 1188
998 997
998 1251
999 996
1000 805
1000 1001
1001 805
1001 1000
1002 1003
1003 1002
1004 301
1004 1005
1004 1320
1005 301
1005 1004
1006 990
1007 983
1007 984
1007 1008
1007 1009
1008 984
1008 1007
1008 1009
1009 984
1009 1007
1009 1008
1010 1011
1011 1010
1012 1013
1012 1014
1013 1012
1013 1014
1014 1012
1014 1013
1015 993
1016 1017
1017 1016
1018 773
1018 1019
1018 1020
1018 1021
1018 1022
1018 1052
1018 1129
1018 1290
1019 773
1019 1018
1019 1020
1019 1021
1019 1022
1019 1052
1019 1129
1019 1301
1020 773
1020 1018
1020 1019
1020 1021
1020 1022
1020 1052
1020 1129
1021 1018
1021 1019
1021 1020
1021 1022
1022 1018
1022 1019
1022 1020
1022 1021
1023 1024
1023 1025
1024 1023
1024 1025
1025 1023
1025 1024
1025 1245
1026 1027
1027 1026
1028 1029
1029 1028
1029 1207
1030 804
1030 1031
1030 1068
1030 1118
1031 804
1031 1030
1031 1068
1031 1118
1032 756
1033 1034
1034 1033
1035 226
1035 763
1035 971
1035 1036
1035 1037
1035 1128
1035 1160
1035 1192
1035 1239
1036 972
1036 1035
1036 1037
1036 1168
1037 972
1037 1035
1037 1036
1037 1168
1037 1170
1037 1313
1037 1314
1038 813
1038 1039
1038 1124
1039 1038
1040 1041
1040 1042
1041 1040
1041 1042
1041 1070
1041 1098
1042 1040
1042 1041
1042 1070
1042 1098
1043 1044
1044 877
1044 1043
1044 1088
1045 1046
1046 1045
1046 1119
1047 1048
1048 1047
1049 1050
1050 1049
1051 1052
1051 1092
1052 390
1052 423
1052 773
1052 791
1052 811
1052 1018
1052 1019
1052 1020
1052 1051
1052 1092
1052 1129
1052 1130
1052 1131
1052 1141
1052 1142
1052 1143
1052 1211
1052 1242
1052 1260
1053 1054
1054 1053
1054 1119
1055 1056
1055 1057
1055 1058
1056 1055
1056 1057
1056 1058
1056 1180
1057 165
1057 1055
1057 1056
1057 1058
1058 1055
1058 1056
1058 1057
1059 1060
1059 1061
1060 1059
1060 1061
1060 1200
1060 1225
1061 1059
1061 1060
1062 1063
1063 1062
1063 1077
1063 1176
1063 1189
1064 1065
1064 1195
1065 1064
1066 1067
1067 1066
1068 356
1068 1030
1068 1031
1068 1069
1069 356
1069 1068
1070 1041
1070 1042
1070 1097
1070 1098
1070 1099
1070 1212
1071 1072
1071 1159
1072 1071
1072 1159
1073 1074
1074 1073
1074 1099
1074 1190
1075 1076
1075 1105
1076 1075
1077 1063
1077 1078
1077 1099
1077 1176
1077 1189
1077 1199
1077 1207
1078 1077
1078 1099
1079 1080
1079 1289
1080 1079
1080 1144
1080 1281
1080 1282
1080 1283
1080 1286
1080 1289
1081 1082
1082 1081
1083 301
1083 1219
1084 1085
1085 1084
1085 1148
1086 1087
1087 268
1087 1086
1087 1164
1088 877
1088 1044
1089 1090
1090 1089
1091 1092
1092 1051
1092 1052
1092 1091
1093 1094
1094 1093
1095 1096
1096 1095
1097 1070
1097 1098
1098 1041
1098 1042
1098 1070
1098 1097
1099 558
1099 1070
1099 1074
1099 1077
1099 1078
1099 1100
1099 1190
1099 1191
1100 1099
1101 1102
1101 1136
1102 1101
1102 1163
1103 1104
1104 1103
1105 1075
1105 1106
1106 1105
1107 257
1108 1109
1108 1206
1109 1108
1109 1205
1109 1206
1109 1208
1110 1111
1110 1112
1111 1110
1111 1112
1112 760
1112 1110
1112 1111
1113 1114
1113 1263
1113 1342
1114 1113
1115 1116
1116 1115
1117 1118
1118 804
1118 1030
1118 1031
1118 1117
1119 1046
1119 1054
1120 1121
1121 1120
1122 1123
1123 1122
1124 1038
1125 990
1125 1126
1126 990
1126 1125
1127 1128
1128 1035
1128 1127
1128 1192
1128 1196
1129 773
1129 1018
1129 1019
1129 1020
1129 1052
1129 1130
1129 1131
1129 1242
1129 1258
1130 1052
1130 1129
1130 1131
1130 1292
1131 1052
1131 1129
1131 1130
1132 1133
1133 1132
1134 1135
1135 1134
1136 1101
1137 1138
1138 510
1138 1137
1138 1173
1139 1140
1140 1139
1140 1238
1141 390
1141 1052
1141 1142
1141 1143
1142 390
1142 1052
1142 1141
1142 1143
1143 390
1143 1052
1143 1141
1143 1142
1144 1080
1145 268
1145 1146
1146 268
1146 1145
1147 1148
1148 1085
1148 1147
1149 1150
1150 268
1150 1149
1150 1153
1150 1154
1150 1184
1150 1197
1151 1152
1152 1151
1153 1150
1153 1154
1153 1294
1154 268
1154 1150
1154 1153
1155 1156
1156 1155
1157 1158
1158 1157
1159 1071
1159 1072
1160 763
1160 809
1160 971
1160 972
1160 973
1160 1035
1160 1179
1160 1239
1160 1291
1161 1162
1162 1161
1163 1102
1164 1087
1165 1166
1165 1167
1166 1165
1166 1167
1167 1165
1167 1166
1168 972
1168 1036
1168 1037
1169 258
1169 604
1170 972
1170 1037
1170 1264
1171 1172
1172 1171
1173 1138
1174 305
1174 1175
1175 305
1175 1174
1176 811
1176 1063
1176 1077
1176 1177
1176 1189
1176 1227
1176 1267
1176 1268
1177 1176
1177 1227
1178 1179
1179 809
1179 972
1179 1160
1179 1178
1179 1291
1180 1056
1181 865
1181 1182
1181 1183
1181 1210
1182 865
1182 1181
1182 1183
1182 1210
1183 865
1183 1181
1183 1182
1183 1210
1184 1150
1184 1197
1185 268
1186 1187
1186 1209
1187 1186
1188 997
1189 1063
1189 1077
1189 1176
1190 558
1190 1074
1190 1099
1190 1191
1191 558
1191 1099
1191 1190
1191 1193
1191 1194
1192 811
1192 1035
1192 1128
1193 1191
1193 1194
1194 1191
1194 1193
1195 1064
1196 1128
1197 1150
1197 1184
1198 1199
1199 1077
1199 1198
1199 1207
1200 1060
1200 1225
1201 1202
1202 1201
1203 1204
1203 1293
1204 1203
1204 1223
1205 1109
1205 1206
1206 1108
1206 1109
1206 1205
1207 1029
1207 1077
1207 1199
1208 1109
1209 1186
1210 1181
1210 1182
1210 1183
1211 1052
1211 1224
1212 1070
1213 1214
1214 1213
1215 1216
1216 604
1216 1215
1217 1218
1218 1217
1218 1220
1219 1083
1220 1218
1221 1222
1222 1221
1223 1204
1224 1211
1225 1060
1225 1200
1226 203
1227 1176
1227 1177
1228 1229
1229 1228
1230 1231
1231 1230
1232 1233
1233 1232
1234 632
1235 1236
1236 1235
1237 651
1238 1140
1239 811
1239 971
1239 972
1239 1035
1239 1160
1240 1241
1241 1240
1242 1052
1242 1129
1243 757
1244 858
1245 1025
1246 757
1246 802
1246 1247
1246 1248
1246 1249
1246 1250
1247 757
1247 802
1247 1246
1247 1248
1247 1249
1247 1250
1248 757
1248 802
1248 1246
1248 1247
1248 1249
1249 757
1249 802
1249 1246
1249 1247
1249 1248
1249 1250
1250 1246
1250 1247
1250 1249
1251 199
1251 998
1252 1253
1253 1252
1254 1255
1255 1254
1256 1257
1257 1256
1258 1129
1259 1260
1260 1052
1260 1259
1261 1262
1262 1261
1263 1113
1264 972
1264 1170
1265 478
1265 1295
1266 372
1267 1176
1267 1268
1267 1332
1268 1176
1268 1267
1269 1270
1270 1269
1271 1272
1272 1271
1273 548
1273 1275
1274 802
1275 1273
1276 423
1277 1278
1278 1277
1279 1280
1279 1281
1280 1279
1280 1281
1281 1080
1281 1279
1281 1280
1281 1283
1281 1286
1282 1080
1282 1283
1283 1080
1283 1281
1283 1282
1283 1286
1284 1285
1285 1284
1286 1080
1286 1281
1286 1283
1287 1288
1288 1287
1289 1079
1289 1080
1290 1018
1291 809
1291 972
1291 1160
1291 1179
1292 1130
1293 1203
1294 1153
1295 1265
1296 1297
1297 1296
1298 960
1299 1300
1300 1299
1301 1019
1302 1303
1303 1302
1304 1305
1304 1306
1304 1316
1305 1304
1305 1306
1306 1304
1306 1305
1306 1307
1306 1308
1307 1306
1307 1308
1307 1309
1307 1310
1308 759
1308 1306
1308 1307
1309 1307
1309 1310
1310 1307
1310 1309
1311 1312
1312 1311
1313 1037
1313 1314
1314 1037
1314 1313
1315 245
1316 1304
1317 994
1318 1319
1319 1318
1320 1004
1321 1322
1321 1323
1322 1321
1322 1323
1323 1321
1323 1322
1324 1325
1325 1324
1325 1329
1326 1327
1327 1326
1328 935
1328 1329
1329 935
1329 1325
1329 1328
1330 1331
1331 1330
1332 1267
1333 1334
1333 1335
1334 1333
1334 1335
1335 1333
1335 1334
1336 1337
1337 1336
1338 292
1338 1339
1339 292
1339 1338
1340 1341
1341 1340
1342 1113
1343 1344
1343 1345
1344 1343
1344 1345
1345 1343
1345 1344
