1 2
2 1
3 4
4 3
4 18
4 28
4 29
4 382
5 6
6 5
7 8
8 7
9 10
9 17
10 9
10 17
11 12
12 11
13 14
14 13
15 16
16 15
17 9
17 10
18 4
19 20
20 19
21 22
21 23
21 567
22 21
22 23
23 21
23 22
24 25
25 24
25 32
26 27
27 26
28 4
28 29
29 4
29 28
29 79
29 80
30 31
31 30
31 539
31 545
32 25
33 34
34 33
35 36
35 37
36 35
36 37
37 35
37 36
37 583
37 584
37 623
38 39
39 38
40 41
40 42
41 40
41 42
42 40
42 41
43 44
44 43
45 46
46 45
47 48
47 49
48 47
48 49
49 47
49 48
50 51
50 52
50 53
51 50
51 52
51 53
52 50
52 51
52 53
53 50
53 51
53 52
53 60
53 61
54 55
54 115
54 116
55 54
56 57
57 56
58 59
59 58
59 138
60 53
60 61
61 53
61 60
62 63
63 62
64 65
65 64
66 67
66 428
67 66
68 69
68 70
69 68
69 70
70 68
70 69
71 72
71 297
71 298
71 314
72 71
73 74
74 73
75 76
76 75
77 78
78 77
79 29
79 80
80 29
80 79
81 82
82 81
83 84
83 645
84 83
84 645
85 86
85 87
85 88
86 85
86 87
86 88
87 85
87 86
87 88
88 85
88 86
88 87
89 90
89 628
89 768
90 89
90 768
91 92
91 93
91 202
92 91
92 93
93 91
93 92
94 95
95 94
96 97
97 96
98 99
99 98
99 270
100 101
101 100
101 257
102 103
103 102
103 265
104 105
105 104
105 528
105 651
106 107
107 106
108 109
108 110
108 111
108 112
109 108
109 110
109 111
109 112
110 108
110 109
110 111
110 112
111 108
111 109
111 110
111 112
112 108
112 109
112 110
112 111
113 114
114 113
114 409
115 54
115 116
116 54
116 115
117 118
118 117
119 120
120 119
121 122
122 121
122 159
122 160
122 364
123 124
124 123
125 126
125 127
125 490
126 125
126 127
127 125
127 126
128 129
129 128
130 131
131 130
132 133
133 132
133 143
133 144
133 145
134 135
134 398
135 134
135 177
135 178
135 215
135 286
136 137
136 397
137 136
137 397
138 59
139 140
140 139
141 142
142 141
142 687
143 133
144 133
144 145
144 163
144 173
145 133
145 144
146 147
146 148
147 146
147 148
148 146
148 147
149 150
150 149
151 152
152 151
153 154
154 153
154 483
154 753
154 754
155 156
155 237
156 155
157 158
158 157
159 122
159 160
160 122
160 159
161 162
162 161
163 144
164 165
165 164
166 167
166 421
167 166
167 479
168 169
168 170
168 422
169 168
169 170
170 168
170 169
170 422
171 172
172 171
173 144
174 175
174 176
175 174
175 176
175 480
175 481
175 486
175 487
176 174
176 175
177 135
177 178
178 135
178 177
179 180
179 181
179 324
179 325
179 423
180 179
180 181
181 179
181 180
181 540
181 541
182 183
182 184
183 182
183 184
184 182
184 183
185 186
185 187
186 185
186 187
187 185
187 186
188 189
188 517
189 188
189 207
190 191
191 190
192 193
192 194
192 283
193 192
193 194
194 192
194 193
194 283
195 196
196 195
197 198
197 199
198 197
198 199
199 197
199 198
200 201
201 200
202 91
202 294
203 204
203 276
203 278
203 279
204 203
205 206
206 205
207 189
208 209
209 208
210 211
210 665
210 684
211 210
212 213
213 212
214 215
215 135
215 214
215 271
215 274
215 275
215 276
215 277
215 286
216 217
217 216
218 219
219 218
220 221
221 220
222 223
223 222
224 225
224 353
225 224
225 263
226 227
226 228
226 229
227 226
227 228
227 229
228 226
228 227
228 229
229 226
229 227
229 228
230 231
230 232
231 230
231 232
232 230
232 231
233 234
234 233
235 236
235 810
236 235
237 155
238 239
238 240
239 238
239 240
239 246
239 247
240 238
240 239
241 242
241 243
242 241
242 243
243 241
243 242
243 264
244 245
245 244
246 239
246 247
247 239
247 246
248 249
249 248
250 251
251 250
252 253
253 252
254 255
254 256
255 254
255 256
256 254
256 255
257 101
258 259
259 258
260 261
260 262
261 260
261 262
262 260
262 261
263 225
264 243
265 103
266 267
267 266
267 477
267 478
268 269
269 268
270 99
271 215
272 273
273 272
274 215
274 275
274 276
274 277
274 280
275 215
275 274
275 276
275 277
275 280
276 203
276 215
276 274
276 275
276 277
276 278
276 279
276 280
277 215
277 274
277 275
277 276
278 203
278 276
278 279
279 203
279 276
279 278
280 274
280 275
280 276
281 282
282 281
283 192
283 194
284 285
285 284
286 135
286 215
287 288
287 289
288 287
288 289
289 287
289 288
290 291
291 290
292 293
293 292
294 202
295 296
296 295
297 71
297 298
298 71
298 297
298 301
299 300
300 299
301 298
302 303
303 302
304 305
305 304
306 307
307 306
308 309
309 308
310 311
311 310
312 313
313 312
314 71
315 316
316 315
317 318
318 317
319 320
319 321
320 319
320 321
320 328
321 319
321 320
322 323
323 322
324 179
324 325
325 179
325 324
326 327
327 326
328 320
329 330
330 329
331 332
332 331
333 334
334 333
335 336
336 335
337 338
337 339
338 337
338 339
338 624
338 625
339 337
339 338
340 341
341 340
342 343
343 342
344 345
344 346
345 344
345 346
346 344
346 345
347 348
348 347
349 350
350 349
351 352
352 351
353 224
353 580
354 355
355 354
356 357
357 356
358 359
359 358
359 826
360 361
361 360
362 363
363 362
364 122
365 366
366 365
367 368
368 367
369 370
370 369
371 372
372 371
373 374
374 373
375 376
375 377
376 375
376 377
377 375
377 376
378 379
379 378
380 381
381 380
381 1037
381 1038
382 4
383 384
384 383
385 386
386 385
387 388
387 401
388 387
388 401
389 390
389 391
390 389
390 391
391 389
391 390
392 393
393 392
394 395
394 396
395 394
395 396
396 394
396 395
397 136
397 137
397 743
398 134
399 400
400 399
401 387
401 388
402 403
402 404
403 402
403 404
404 402
404 403
405 406
406 405
407 408
408 407
409 114
410 411
411 410
412 413
413 412
414 415
414 416
415 414
415 416
416 414
416 415
417 418
418 417
419 420
420 419
421 166
422 168
422 170
423 179
424 425
425 424
426 427
427 426
428 66
429 430
429 431
430 429
430 431
431 429
431 430
431 600
431 601
432 433
433 432
434 435
434 505
435 434
435 482
436 437
437 436
437 438
438 437
439 440
440 439
441 442
441 443
442 441
442 443
443 441
443 442
444 445
445 444
446 447
447 446
448 449
448 450
449 448
449 450
450 448
450 449
451 452
452 451
453 454
453 455
454 453
454 455
455 453
455 454
456 457
456 458
456 459
457 456
457 458
457 459
458 456
458 457
458 459
459 456
459 457
459 458
460 461
461 460
462 463
463 462
464 465
465 464
466 467
467 466
468 469
469 468
470 471
470 472
470 473
471 470
471 472
471 473
472 470
472 471
472 473
473 470
473 471
473 472
474 475
474 476
474 742
475 474
475 476
476 474
476 475
476 742
477 267
477 478
478 267
478 477
479 167
480 175
480 481
480 732
481 175
481 480
481 732
482 435
483 154
484 485
485 484
485 572
485 573
485 574
486 175
486 487
487 175
487 486
487 488
487 489
488 487
488 489
489 487
489 488
490 125
491 492
491 493
492 491
492 493
492 494
493 491
493 492
493 494
493 753
494 492
494 493
495 496
496 495
497 498
498 497
499 500
499 809
500 499
500 589
501 502
502 501
503 504
503 761
504 503
505 434
506 507
507 506
508 509
509 508
510 511
511 510
512 513
512 514
512 568
512 569
512 570
512 571
513 512
513 514
514 512
514 513
514 568
514 569
514 570
514 571
515 516
516 515
517 188
518 519
518 579
519 518
520 521
520 542
521 520
521 542
522 523
523 522
524 525
525 524
526 527
527 526
527 561
527 649
527 650
528 105
529 530
530 529
531 532
532 531
532 558
533 534
533 535
534 533
534 535
535 533
535 534
536 537
536 538
537 536
537 538
538 536
538 537
539 31
540 181
540 541
541 181
541 540
542 520
542 521
543 544
544 543
545 31
546 547
547 546
548 549
548 550
549 548
549 550
550 548
550 549
551 552
552 551
553 554
553 555
554 553
554 555
555 553
555 554
556 557
557 556
557 565
557 566
558 532
559 560
560 559
561 527
562 563
562 564
563 562
563 564
564 562
564 563
565 557
566 557
567 21
568 512
568 514
568 569
568 570
568 571
569 512
569 514
569 568
569 570
569 571
570 512
570 514
570 568
570 569
570 571
571 512
571 514
571 568
571 569
571 570
572 485
572 573
572 574
573 485
573 572
573 574
574 485
574 572
574 573
575 576
575 577
575 578
576 575
576 577
576 578
577 575
577 576
577 578
578 575
578 576
578 577
579 518
579 671
580 353
581 582
582 581
583 37
583 584
584 37
584 583
585 586
586 585
587 588
587 606
588 587
588 606
588 613
589 500
589 590
590 589
591 592
592 591
593 594
593 595
594 593
594 595
594 618
595 593
595 594
596 597
597 596
597 612
598 599
598 600
599 598
599 600
600 431
600 598
600 599
600 601
601 431
601 600
602 603
603 602
603 610
603 611
604 605
604 627
605 604
606 587
606 588
607 608
607 609
608 607
608 609
608 619
609 607
609 608
609 619
610 603
610 611
611 603
611 610
612 597
613 588
614 615
615 614
616 617
617 616
618 594
619 608
619 609
619 620
619 621
619 622
619 771
620 619
620 621
620 622
621 619
621 620
621 622
621 1036
622 619
622 620
622 621
623 37
624 338
624 625
625 338
625 624
626 627
627 604
627 626
628 89
629 630
630 629
631 632
631 633
631 640
632 631
632 633
633 631
633 632
633 640
634 635
634 636
635 634
635 636
636 634
636 635
637 638
637 639
638 637
638 639
639 637
639 638
640 631
640 633
641 642
642 641
643 644
644 643
645 83
645 84
645 646
646 645
647 648
648 647
649 527
649 650
650 527
650 649
651 105
652 653
652 654
653 652
653 654
654 652
654 653
655 656
656 655
657 658
658 657
659 660
659 661
659 662
660 659
660 661
660 662
660 679
660 680
661 659
661 660
661 662
661 676
661 858
662 659
662 660
662 661
662 676
662 1049
663 664
663 665
663 851
663 908
664 663
664 665
664 850
664 851
664 908
664 1033
664 1034
665 210
665 663
665 664
665 679
665 680
665 684
666 667
666 668
667 666
667 668
667 833
667 1029
668 666
668 667
669 670
670 669
671 579
672 673
673 672
674 675
675 674
675 979
676 661
676 662
677 678
678 677
679 660
679 665
679 680
679 681
680 660
680 665
680 679
680 681
681 679
681 680
681 682
681 683
681 787
681 792
681 793
682 681
682 683
682 787
682 792
682 793
683 681
683 682
683 791
684 210
684 665
685 686
686 685
687 142
688 689
689 688
690 691
690 694
691 690
692 693
693 692
694 690
694 737
694 738
695 696
695 697
696 695
696 697
697 695
697 696
698 699
699 698
700 701
700 702
701 700
701 702
702 700
702 701
703 704
704 703
705 706
706 705
707 708
708 707
708 934
709 710
710 709
710 724
710 725
710 729
711 712
712 711
713 714
714 713
715 716
716 715
717 718
718 717
719 720
719 721
719 722
719 723
720 719
721 719
721 722
721 723
721 726
721 727
722 719
722 721
722 723
723 719
723 721
723 722
723 728
724 710
724 725
725 710
725 724
726 721
727 721
728 723
729 710
730 731
731 730
732 480
732 481
733 734
733 874
733 875
734 733
734 741
735 736
736 735
737 694
737 738
738 694
738 737
739 740
740 739
741 734
742 474
742 476
743 397
744 745
745 744
746 747
747 746
748 749
749 748
749 927
749 940
750 751
750 752
751 750
751 752
752 750
752 751
753 154
753 493
753 754
754 154
754 753
755 756
756 755
757 758
758 757
759 760
760 759
761 503
762 763
763 762
764 765
765 764
766 767
767 766
768 89
768 90
769 770
769 796
770 769
770 796
771 619
772 773
773 772
774 775
774 776
774 777
775 774
775 776
775 777
776 774
776 775
776 777
777 774
777 775
777 776
778 779
779 778
780 781
781 780
782 783
783 782
783 784
784 783
785 786
785 790
786 785
787 681
787 682
787 939
788 789
789 788
790 785
791 683
792 681
792 682
792 793
793 681
793 682
793 792
794 795
795 794
796 769
796 770
797 798
798 797
799 800
800 799
801 802
802 801
803 804
804 803
805 806
806 805
807 808
808 807
809 499
810 235
811 812
811 813
811 814
812 811
812 813
812 814
813 811
813 812
813 814
814 811
814 812
814 813
815 816
815 861
815 862
816 815
817 818
818 817
819 820
819 821
820 819
820 821
821 819
821 820
822 823
822 1058
823 822
824 825
824 871
825 824
826 359
827 828
827 829
827 908
827 915
827 1015
828 827
828 829
828 1055
829 827
829 828
829 929
830 831
830 832
831 830
831 832
832 830
832 831
833 667
833 1029
834 835
834 836
835 834
835 836
835 847
836 834
836 835
836 847
837 838
838 837
839 840
840 839
841 842
842 841
843 844
844 843
844 931
845 846
846 845
847 835
847 836
848 849
848 924
849 848
850 664
850 851
851 663
851 664
851 850
851 908
852 853
852 854
853 852
853 854
854 852
854 853
855 856
855 857
856 855
856 857
857 855
857 856
858 661
859 860
860 859
861 815
861 862
862 815
862 861
863 864
864 863
865 866
866 865
867 868
868 867
869 870
870 869
871 824
871 1054
872 873
872 911
873 872
873 911
874 733
874 875
875 733
875 874
875 967
876 877
876 878
877 876
877 878
878 876
878 877
879 880
879 881
880 879
880 881
881 879
881 880
882 883
882 928
883 882
883 928
884 885
885 884
886 887
887 886
888 889
888 909
889 888
889 905
889 909
889 910
890 891
891 890
892 893
893 892
894 895
895 894
896 897
896 959
897 896
897 930
897 959
898 899
899 898
900 901
901 900
902 903
903 902
904 905
905 889
905 904
905 909
905 910
906 907
907 906
908 663
908 664
908 827
908 851
908 965
908 966
908 1015
909 888
909 889
909 905
909 910
909 914
910 889
910 905
910 909
911 872
911 873
912 913
913 912
914 909
915 827
916 917
917 916
918 919
918 950
918 951
918 952
918 964
919 918
920 921
921 920
922 923
923 922
924 848
925 926
926 925
927 749
928 882
928 883
929 829
929 971
929 972
930 897
931 844
932 933
933 932
933 938
934 708
935 936
935 937
936 935
936 937
937 935
937 936
938 933
939 787
940 749
941 942
941 943
942 941
942 943
943 941
943 942
944 945
945 944
946 947
947 946
948 949
949 948
950 918
950 951
950 952
951 918
951 950
951 952
952 918
952 950
952 951
953 954
954 953
955 956
956 955
957 958
958 957
959 896
959 897
960 961
961 960
962 963
963 962
964 918
965 908
965 966
966 908
966 965
966 1026
966 1027
966 1028
967 875
968 969
968 970
969 968
969 970
970 968
970 969
971 929
971 972
972 929
972 971
973 974
974 973
975 976
975 1023
975 1035
976 975
977 978
978 977
979 675
980 981
980 982
981 980
981 982
982 980
982 981
983 984
984 983
985 986
986 985
987 988
988 987
988 1002
989 990
989 991
990 989
990 991
991 989
991 990
992 993
993 992
994 995
995 994
996 997
997 996
998 999
999 998
1000 1001
1001 1000
1002 988
1003 1004
1004 1003
1005 1006
1006 1005
1006 1007
1007 1006
1008 1009
1008 1010
1009 1008
1009 1010
1010 1008
1010 1009
1011 1012
1012 1011
1013 1014
1014 1013
1015 827
1015 908
1016 1017
1017 1016
1018 1019
1019 1018
1020 1021
1020 1022
1021 1020
1021 1022
1022 1020
1022 1021
1023 975
1023 1035
1023 1052
1024 1025
1025 1024
1026 966
1026 1027
1026 1028
1027 966
1027 1026
1027 1028
1027 1030
1028 966
1028 1026
1028 1027
1029 667
1029 833
1030 1027
1031 1032
1032 1031
1033 664
1033 1034
1034 664
1034 1033
1035 975
1035 1023
1036 621
1037 381
1037 1038
1038 381
1038 1037
1039 1040
1040 1039
1041 1042
1042 1041
1043 1044
1044 1043
1045 1046
1046 1045
1047 1048
1048 1047
1049 662
1050 1051
1050 1053
1051 1050
1052 1023
1053 1050
1054 871
1055 828
1056 1057
1057 1056
1058 822
