1 2
2 1
3 4
4 3
5 6
5 7
5 8
6 5
6 7
6 8
6 15
6 193
6 194
6 462
6 525
6 530
6 568
7 5
7 6
7 8
8 5
8 6
8 7
9 10
10 9
10 20
11 12
11 13
11 14
11 15
11 16
11 17
11 107
11 194
11 344
11 545
11 562
11 563
12 11
12 13
12 14
12 15
12 16
12 17
13 11
13 12
13 14
13 15
13 16
13 17
14 11
14 12
14 13
14 15
14 16
14 17
14 194
14 545
15 6
15 11
15 12
15 13
15 14
15 16
15 17
15 462
15 525
15 530
15 568
16 11
16 12
16 13
16 14
16 15
16 17
17 11
17 12
17 13
17 14
17 15
17 16
17 500
17 512
17 540
17 563
17 582
18 19
19 18
20 10
20 21
20 22
20 23
21 20
21 22
21 23
22 20
22 21
22 23
23 20
23 21
23 22
23 177
23 178
24 25
25 24
26 27
27 26
28 29
29 28
29 215
30 31
31 30
32 33
32 36
33 32
33 36
34 35
34 278
34 351
35 34
35 52
35 120
35 222
35 344
35 453
35 455
35 463
35 500
35 560
35 561
35 562
35 563
35 679
36 32
36 33
36 1056
37 38
37 39
38 37
38 39
39 37
39 38
40 41
40 356
40 469
41 40
42 43
43 42
44 45
44 46
45 44
45 46
46 44
46 45
47 48
48 47
49 50
49 51
50 49
50 51
51 49
51 50
52 35
52 53
52 222
52 238
52 560
52 763
53 52
54 55
54 581
55 54
56 57
57 56
58 59
59 58
60 61
61 60
62 63
63 62
64 65
64 128
65 64
66 67
66 693
67 66
67 693
68 69
68 542
69 68
70 71
70 88
71 70
72 73
72 200
73 72
73 200
74 75
75 74
75 194
75 222
75 337
76 77
77 76
78 79
79 78
80 81
81 80
82 83
83 82
84 85
84 151
84 152
84 153
84 165
84 176
84 407
84 433
85 84
86 87
87 86
88 70
89 90
89 91
89 92
89 93
90 89
90 91
90 92
90 93
91 89
91 90
91 92
91 93
92 89
92 90
92 91
92 93
93 89
93 90
93 91
93 92
94 95
95 94
96 97
97 96
98 99
99 98
100 101
100 102
101 100
101 102
102 100
102 101
102 425
103 104
104 103
105 106
106 105
107 11
107 108
107 166
107 167
107 193
107 253
107 254
107 257
107 258
107 275
107 342
107 343
107 344
107 352
107 377
107 453
107 462
107 463
107 561
107 562
107 563
107 589
108 107
109 110
110 109
111 112
112 111
113 114
114 113
115 116
115 117
115 477
116 115
116 117
117 115
117 116
118 119
119 118
120 35
120 121
120 222
120 450
120 679
121 120
121 158
121 221
121 555
121 556
121 559
121 560
121 601
121 616
121 793
122 123
123 122
124 125
124 126
124 127
125 124
125 126
125 127
126 124
126 125
126 127
127 124
127 125
127 126
128 64
128 190
129 130
129 131
130 129
130 131
131 129
131 130
132 133
132 379
132 460
132 497
132 498
132 499
132 501
132 579
132 585
132 590
132 739
133 132
134 135
135 134
136 137
137 136
138 139
139 138
139 268
140 141
140 442
140 443
141 140
142 143
143 142
143 522
144 145
144 528
145 144
146 147
147 146
148 149
148 150
149 148
149 150
149 228
149 229
150 148
150 149
151 84
151 152
151 153
151 257
151 390
152 84
152 151
152 153
152 226
152 471
152 545
152 700
152 815
152 816
153 84
153 151
153 152
153 226
153 255
153 256
154 155
155 154
156 157
156 158
156 159
156 291
157 156
157 158
157 159
157 945
157 1030
158 121
158 156
158 157
158 159
158 291
158 334
158 555
158 556
159 156
159 157
159 158
159 572
159 707
160 161
161 160
162 163
163 162
164 165
164 208
165 84
165 164
165 176
165 208
166 107
166 167
166 275
166 426
166 441
166 462
166 572
166 873
166 884
167 107
167 166
167 275
167 441
167 462
167 572
167 873
167 884
168 169
169 168
170 171
170 172
170 173
170 261
170 262
170 263
171 170
171 172
171 173
171 261
171 262
171 263
172 170
172 171
172 173
172 471
173 170
173 171
173 172
174 175
174 203
175 174
176 84
176 165
176 259
176 783
177 23
177 178
177 188
177 189
177 246
177 436
178 23
178 177
178 502
178 976
179 180
180 179
180 271
181 182
181 183
182 181
182 183
183 181
183 182
184 185
184 399
185 184
185 519
185 602
185 610
185 629
186 187
186 391
187 186
188 177
188 189
189 177
189 188
189 462
190 128
191 192
192 191
193 6
193 107
193 194
193 258
193 352
193 589
194 6
194 11
194 14
194 75
194 193
194 222
194 337
194 344
194 345
194 453
194 460
194 461
194 532
194 533
194 545
194 693
194 709
195 196
195 197
196 195
196 197
196 198
196 199
197 195
197 196
197 979
198 196
198 199
198 272
199 196
199 198
199 227
199 272
200 72
200 73
201 202
202 201
202 427
203 174
204 205
204 439
205 204
206 207
207 206
208 164
208 165
208 264
209 210
210 209
211 212
212 211
213 214
213 215
213 356
214 213
214 215
215 29
215 213
215 214
215 356
215 418
216 217
217 216
218 219
219 218
219 359
220 221
220 222
220 356
220 469
220 532
220 533
220 534
221 121
221 220
221 222
221 559
221 560
222 35
222 52
222 75
222 120
222 194
222 220
222 221
222 337
222 560
222 679
222 696
223 224
223 225
224 223
224 225
225 223
225 224
226 152
226 153
226 255
226 256
226 267
227 199
228 149
228 229
229 149
229 228
230 231
231 230
232 233
232 234
232 282
232 283
232 662
232 663
233 232
233 234
233 344
233 377
233 463
233 469
234 232
234 233
235 236
236 235
237 238
238 52
238 237
238 763
239 240
240 239
241 242
241 243
241 244
242 241
242 243
242 244
243 241
243 242
243 244
244 241
244 242
244 243
245 246
246 177
246 245
247 248
247 440
247 472
248 247
248 605
248 984
249 250
250 249
251 252
252 251
253 107
253 254
253 496
253 521
254 107
254 253
254 288
254 496
254 521
255 153
255 226
255 256
256 153
256 226
256 255
256 713
257 107
257 151
257 258
257 762
257 1013
258 107
258 193
258 257
258 589
258 676
259 176
259 260
259 783
259 789
259 790
260 259
261 170
261 171
261 262
261 263
262 170
262 171
262 261
262 263
263 170
263 171
263 261
263 262
263 350
263 413
263 837
264 208
265 266
266 265
267 226
267 573
268 139
268 286
269 270
270 269
271 180
272 198
272 199
272 369
273 274
274 273
275 107
275 166
275 167
275 342
275 343
275 377
275 462
276 277
276 278
277 276
277 278
278 34
278 276
278 277
278 351
278 352
279 280
279 281
280 279
280 281
281 279
281 280
282 232
282 283
282 539
283 232
283 282
284 285
285 284
285 392
286 268
287 288
287 432
288 254
288 287
288 737
288 738
289 290
289 379
289 670
290 289
290 292
290 293
291 156
291 158
292 290
292 293
293 290
293 292
294 295
295 294
296 297
296 352
296 353
297 296
297 412
298 299
299 298
300 301
300 423
301 300
301 444
302 303
302 306
302 307
302 308
303 302
303 306
303 307
303 308
304 305
305 304
306 302
306 303
306 307
306 308
307 302
307 303
307 306
307 308
308 302
308 303
308 306
308 307
309 310
309 311
310 309
310 311
310 312
310 316
311 309
311 310
312 310
312 313
312 316
312 329
313 312
314 315
315 314
316 310
316 312
317 318
317 360
318 317
319 320
320 319
321 322
322 321
323 324
324 323
325 326
326 325
327 328
328 327
329 312
330 331
331 330
331 424
332 333
333 332
334 158
334 470
334 850
335 336
335 794
335 795
336 335
337 75
337 194
337 222
337 338
337 339
337 455
338 337
338 339
339 337
339 338
340 341
341 340
342 107
342 275
342 343
342 377
343 107
343 275
343 342
343 377
343 456
344 11
344 35
344 107
344 194
344 233
344 345
344 377
344 455
344 459
344 463
344 469
344 561
344 562
344 563
345 194
345 344
345 456
345 463
345 464
345 681
345 683
346 347
347 346
348 349
349 348
350 263
351 34
351 278
351 525
351 548
352 107
352 193
352 278
352 296
352 353
352 446
353 296
353 352
354 355
355 354
356 40
356 213
356 215
356 220
356 469
356 532
356 533
356 534
357 358
358 357
358 777
358 896
358 897
358 904
359 219
360 317
360 784
361 362
361 363
361 364
362 361
362 363
362 364
363 361
363 362
363 364
364 361
364 362
364 363
365 366
366 365
367 368
368 367
369 272
370 371
371 370
372 373
372 374
373 372
373 374
374 372
374 373
375 376
376 375
377 107
377 233
377 275
377 342
377 343
377 344
377 378
377 379
378 377
378 379
379 132
379 289
379 377
379 378
379 670
379 739
380 381
380 393
381 380
381 393
382 383
383 382
384 385
385 384
386 387
387 386
388 389
389 388
390 151
390 664
390 872
391 186
391 569
392 285
392 398
393 380
393 381
394 395
395 394
396 397
397 396
398 392
399 184
400 401
401 400
402 403
402 404
403 402
403 404
404 402
404 403
405 406
406 405
407 84
407 449
408 409
409 408
410 411
411 410
412 297
413 263
414 415
415 414
416 417
417 416
418 215
419 420
420 419
421 422
422 421
423 300
424 331
425 102
426 166
427 202
428 429
428 545
429 428
429 545
430 431
431 430
432 287
432 459
432 465
432 541
433 84
434 435
435 434
436 177
436 986
437 438
438 437
439 204
440 247
441 166
441 167
442 140
442 443
443 140
443 442
444 301
444 445
445 444
446 352
447 448
447 637
448 447
449 407
450 120
451 452
452 451
453 35
453 107
453 194
453 454
453 455
453 463
453 561
453 562
453 563
453 693
453 709
454 453
454 703
454 1042
455 35
455 337
455 344
455 453
455 463
455 469
455 561
455 562
455 563
456 343
456 345
456 679
456 683
457 458
458 457
459 344
459 432
459 465
460 132
460 194
460 461
460 708
461 194
461 460
461 708
462 6
462 15
462 107
462 166
462 167
462 189
462 275
462 500
462 702
463 35
463 107
463 233
463 344
463 345
463 453
463 455
463 464
463 469
463 561
464 345
464 463
465 432
465 459
466 467
466 468
467 466
467 468
467 755
468 466
468 467
469 40
469 220
469 233
469 344
469 356
469 455
469 463
469 495
469 532
469 533
469 534
469 561
470 334
471 152
471 172
471 519
472 247
473 474
474 473
475 476
476 475
477 115
478 479
479 478
480 481
481 480
482 483
483 482
484 485
485 484
486 487
487 486
488 489
488 546
488 922
488 923
488 984
489 488
490 491
491 490
491 710
492 493
493 492
494 495
495 469
495 494
495 532
495 533
495 534
495 615
495 616
496 253
496 254
497 132
497 498
497 499
497 520
498 132
498 497
498 499
499 132
499 497
499 498
500 17
500 35
500 462
500 540
500 702
501 132
501 579
502 178
502 503
502 863
502 965
502 976
503 502
504 505
504 583
505 504
506 507
507 506
508 509
509 508
510 511
511 510
511 580
512 17
512 563
512 582
513 514
514 513
515 516
516 515
517 518
517 577
518 517
518 541
519 185
519 471
519 565
519 602
519 610
519 629
520 497
520 741
521 253
521 254
522 143
523 524
523 699
524 523
525 6
525 15
525 351
525 530
525 531
525 568
526 527
527 526
528 144
529 530
529 539
529 703
530 6
530 15
530 525
530 529
530 539
530 568
530 588
530 703
531 525
532 194
532 220
532 356
532 469
532 495
532 533
532 534
533 194
533 220
533 356
533 469
533 495
533 532
533 534
534 220
534 356
534 469
534 495
534 532
534 533
535 536
536 535
537 538
537 682
538 537
538 682
539 282
539 529
539 530
539 703
540 17
540 500
541 432
541 518
542 68
543 544
544 543
545 11
545 14
545 152
545 194
545 428
545 429
546 488
546 547
546 984
547 546
547 584
548 351
549 550
550 549
551 552
552 551
553 554
554 553
555 121
555 158
555 556
555 675
556 121
556 158
556 555
557 558
558 557
559 121
559 221
559 560
560 35
560 52
560 121
560 221
560 222
560 559
561 35
561 107
561 344
561 453
561 455
561 463
561 469
561 562
561 563
561 680
562 11
562 35
562 107
562 344
562 453
562 455
562 561
562 563
563 11
563 17
563 35
563 107
563 344
563 453
563 455
563 512
563 561
563 562
563 582
563 750
564 565
564 698
564 701
565 519
565 564
565 698
565 701
565 991
566 567
567 566
567 578
568 6
568 15
568 525
568 530
569 391
570 571
571 570
572 159
572 166
572 167
572 707
573 267
574 575
574 576
574 936
574 943
575 574
575 576
576 574
576 575
577 517
577 968
578 567
579 132
579 501
580 511
581 54
582 17
582 512
582 563
583 504
584 547
585 132
586 587
587 586
587 591
587 631
587 664
588 530
589 107
589 193
589 258
589 1004
590 132
590 591
591 587
591 590
591 598
591 630
591 631
591 799
592 593
593 592
594 595
594 608
595 594
595 608
596 597
597 596
597 796
597 823
598 591
599 600
599 605
600 599
601 121
602 185
602 519
602 603
602 610
602 629
603 602
604 605
604 606
604 607
605 248
605 599
605 604
605 606
605 607
606 604
606 605
606 607
607 604
607 605
607 606
607 1019
608 594
608 595
609 610
609 660
609 661
610 185
610 519
610 602
610 609
610 629
611 612
611 632
612 611
613 614
614 613
614 623
615 495
615 616
615 624
615 625
615 626
615 654
615 668
615 669
616 121
616 495
616 615
616 793
617 618
618 617
619 620
620 619
621 622
621 646
622 621
622 646
623 614
624 615
624 625
624 626
625 615
625 624
625 626
626 615
626 624
626 625
627 628
628 627
629 185
629 519
629 602
629 610
630 591
631 587
631 591
632 611
633 634
633 635
634 633
634 635
634 636
635 633
635 634
636 634
637 447
638 639
639 638
639 644
639 669
639 671
639 672
640 641
640 647
640 648
640 649
641 640
642 643
643 642
643 645
643 655
643 656
644 639
645 643
646 621
646 622
647 640
647 648
647 649
648 640
648 647
648 649
649 640
649 647
649 648
650 651
650 652
651 650
651 652
652 650
652 651
653 654
654 615
654 653
654 657
654 668
654 669
655 643
655 656
656 643
656 655
657 654
658 659
659 658
660 609
660 661
661 609
661 660
662 232
662 663
663 232
663 662
664 390
664 587
664 872
665 666
665 667
666 665
666 667
667 665
667 666
668 615
668 654
668 669
669 615
669 639
669 654
669 668
669 671
669 672
670 289
670 379
670 802
671 639
671 669
671 672
672 639
672 669
672 671
673 674
674 673
675 555
675 927
676 258
677 678
678 677
679 35
679 120
679 222
679 456
680 561
681 345
681 858
682 537
682 538
683 345
683 456
684 685
684 686
684 687
685 684
685 686
685 687
686 684
686 685
686 687
687 684
687 685
687 686
687 782
688 689
688 690
689 688
689 690
690 688
690 689
691 692
692 691
693 66
693 67
693 194
693 453
693 709
694 695
695 694
695 824
695 975
696 222
697 698
698 564
698 565
698 697
698 701
699 523
700 152
701 564
701 565
701 698
702 462
702 500
703 454
703 529
703 530
703 539
703 1042
704 705
704 706
705 704
705 706
706 704
706 705
707 159
707 572
708 460
708 461
709 194
709 453
709 693
710 491
711 712
711 714
712 711
712 714
713 256
714 711
714 712
715 716
716 715
717 718
717 719
718 717
718 719
719 717
719 718
720 721
721 720
722 723
723 722
724 725
724 726
725 724
725 726
726 724
726 725
727 728
728 727
729 730
730 729
731 732
731 740
732 731
733 734
734 733
735 736
736 735
737 288
737 738
738 288
738 737
739 132
739 379
740 731
740 744
740 745
740 837
741 520
741 893
742 743
743 742
744 740
744 745
745 740
745 744
746 747
747 746
748 749
749 748
750 563
751 752
752 751
753 754
754 753
755 467
756 757
757 756
758 759
759 758
760 761
761 760
762 257
763 52
763 238
764 765
765 764
766 767
767 766
768 769
769 768
770 771
771 770
772 773
773 772
774 775
775 774
776 777
777 358
777 776
777 896
777 897
778 779
779 778
780 781
781 780
782 687
783 176
783 259
784 360
785 786
786 785
787 788
788 787
789 259
789 790
790 259
790 789
791 792
792 791
793 121
793 616
794 335
794 795
795 335
795 794
796 597
797 798
798 797
799 591
800 801
801 800
801 807
801 808
801 809
802 670
803 804
804 803
805 806
806 805
807 801
807 808
807 809
808 801
808 807
808 809
809 801
809 807
809 808
810 811
811 810
812 813
812 814
813 812
813 814
813 994
813 1049
813 1050
814 812
814 813
815 152
815 816
816 152
816 815
817 818
818 817
819 820
820 819
821 822
822 821
823 597
824 695
825 826
826 825
827 828
828 827
829 830
830 829
831 832
832 831
833 834
834 833
835 836
835 1070
836 835
836 939
837 263
837 740
837 862
838 839
839 838
839 861
840 841
840 842
841 840
841 842
842 840
842 841
842 878
843 844
844 843
845 846
846 845
846 1062
847 848
847 849
848 847
848 849
849 847
849 848
850 334
850 851
851 850
852 853
853 852
854 855
854 1037
854 1038
855 854
856 857
857 856
858 681
859 860
859 1071
860 859
861 839
862 837
863 502
863 1028
864 865
865 864
866 867
867 866
868 869
869 868
870 871
871 870
871 1025
871 1026
872 390
872 664
873 166
873 167
874 875
874 876
875 874
875 876
876 874
876 875
877 878
877 879
878 842
878 877
878 879
879 877
879 878
880 881
881 880
882 883
883 882
883 960
884 166
884 167
885 886
885 887
885 888
886 885
886 887
886 888
886 942
887 885
887 886
887 888
887 921
887 942
888 885
888 886
888 887
888 921
888 942
889 890
889 901
890 889
890 959
891 892
892 891
893 741
893 972
893 990
894 895
895 894
895 1055
896 358
896 777
896 897
897 358
897 777
897 896
898 899
899 898
900 901
901 889
901 900
901 905
901 906
901 924
901 940
902 903
903 902
904 358
905 901
905 906
906 901
906 905
906 932
906 933
906 934
907 908
907 913
908 907
908 913
909 910
910 909
911 912
911 968
911 970
912 911
912 982
912 983
913 907
913 908
913 914
914 913
915 916
915 985
916 915
917 918
918 917
919 920
920 919
921 887
921 888
922 488
922 923
923 488
923 922
923 1043
923 1044
924 901
924 971
925 926
925 937
925 956
926 925
926 937
926 956
926 1009
927 675
928 929
928 974
928 1005
929 928
930 931
931 930
932 906
932 933
932 934
933 906
933 932
933 934
934 906
934 932
934 933
935 936
935 937
935 938
936 574
936 935
936 937
936 938
936 943
937 925
937 926
937 935
937 936
937 938
937 956
937 1009
938 935
938 936
938 937
939 836
939 941
940 901
941 939
942 886
942 887
942 888
943 574
943 936
944 945
945 157
945 944
945 1030
946 947
947 946
948 949
949 948
950 951
950 999
951 950
951 999
952 953
952 957
952 958
953 952
954 955
955 954
956 925
956 926
956 937
956 1009
957 952
957 958
958 952
958 957
959 890
960 883
961 962
962 961
963 964
964 963
965 502
966 967
967 966
968 577
968 911
968 969
968 970
969 968
969 970
970 911
970 968
970 969
971 924
972 893
972 973
972 990
973 972
974 928
975 695
976 178
976 502
976 1010
977 978
978 977
978 989
979 197
980 981
981 980
982 912
982 983
983 912
983 982
984 248
984 488
984 546
985 915
986 436
986 987
986 988
987 986
987 988
988 986
988 987
989 978
990 893
990 972
991 565
992 993
993 992
994 813
995 996
996 995
997 998
998 997
999 950
999 951
1000 1001
1001 1000
1002 1003
1003 1002
1004 589
1005 928
1006 1007
1006 1008
1007 1006
1007 1008
1008 1006
1008 1007
1009 926
1009 937
1009 956
1010 976
1011 1012
1012 1011
1013 257
1013 1014
1013 1051
1013 1052
1014 1013
1015 1016
1016 1015
1017 1018
1018 1017
1019 607
1020 1021
1021 1020
1022 1023
1022 1024
1023 1022
1023 1024
1024 1022
1024 1023
1025 871
1025 1026
1026 871
1026 1025
1027 1028
1027 1029
1028 863
1028 1027
1028 1029
1029 1027
1029 1028
1030 157
1030 945
1031 1032
1032 1031
1033 1034
1034 1033
1035 1036
1036 1035
1037 854
1037 1038
1038 854
1038 1037
1039 1040
1040 1039
1041 1042
1042 454
1042 703
1042 1041
1042 1065
1043 923
1043 1044
1044 923
1044 1043
1045 1046
1046 1045
1047 1048
1048 1047
1049 813
1049 1050
1050 813
1050 1049
1051 1013
1051 1052
1052 1013
1052 1051
1053 1054
1054 1053
1055 895
1056 36
1057 1058
1058 1057
1059 1060
1059 1061
1060 1059
1060 1061
1061 1059
1061 1060
1062 846
1063 1064
1064 1063
1065 1042
1066 1067
1067 1066
1068 1069
1069 1068
1070 835
1071 859
