0 1
0 2
0 3
0 4
0 5
0 6
0 7
0 8
0 9
0 10
0 13
0 15
0 16
0 22
0 23
0 24
0 26
0 28
0 29
0 30
0 31
0 47
0 53
0 57
0 59
0 60
0 84
0 85
0 86
0 89
0 91
0 97
0 99
0 128
0 136
0 142
0 147
0 151
0 156
0 181
0 190
0 192
0 199
0 212
0 229
0 231
0 242
0 255
0 257
0 260
0 261
0 268
0 276
0 288
0 302
0 320
0 338
0 344
0 375
0 380
0 384
0 416
0 418
0 442
0 450
0 455
0 469
0 477
0 560
0 563
0 575
0 590
0 669
0 679
0 757
0 768
0 812
0 837
0 850
0 893
0 939
0 956
0 962
0 967
0 969
0 986
1 4
1 7
1 12
1 21
1 22
1 30
1 31
1 35
1 67
1 71
1 83
1 98
1 118
1 138
1 145
1 163
1 232
1 234
1 247
1 249
1 295
1 303
1 309
1 411
1 416
1 417
1 437
1 442
1 492
1 505
1 524
1 527
1 538
1 595
1 632
1 634
1 638
1 676
1 769
1 789
1 862
1 896
1 921
1 938
1 980
2 4
2 5
2 6
2 7
2 9
2 12
2 13
2 17
2 23
2 25
2 27
2 29
2 32
2 38
2 40
2 42
2 43
2 46
2 47
2 49
2 52
2 53
2 55
2 57
2 70
2 73
2 81
2 83
2 84
2 87
2 95
2 103
2 133
2 160
2 179
2 247
2 248
2 250
2 267
2 293
2 303
2 336
2 344
2 357
2 367
2 371
2 381
2 386
2 391
2 394
2 397
2 401
2 409
2 424
2 425
2 427
2 460
2 467
2 469
2 470
2 481
2 496
2 538
2 557
2 583
2 626
2 664
2 670
2 709
2 712
2 716
2 749
2 764
2 779
2 793
2 811
2 826
2 829
2 840
2 883
2 894
2 927
2 987
3 5
3 6
3 8
3 9
3 21
3 28
3 30
3 32
3 33
3 34
3 36
3 38
3 48
3 49
3 65
3 68
3 99
3 109
3 119
3 148
3 157
3 159
3 171
3 179
3 204
3 237
3 239
3 256
3 285
3 300
3 302
3 307
3 308
3 336
3 378
3 427
3 476
3 480
3 486
3 539
3 545
3 612
3 642
3 753
3 755
3 794
3 805
3 832
3 839
3 911
3 920
4 16
4 22
4 26
4 27
4 39
4 41
4 62
4 69
4 73
4 92
4 130
4 166
4 174
4 192
4 227
4 312
4 327
4 528
4 591
4 609
4 676
4 743
4 745
4 777
4 992
5 61
5 114
5 245
5 255
5 357
5 431
5 489
5 552
5 597
5 630
5 637
6 11
6 12
6 14
6 17
6 35
6 37
6 39
6 40
6 43
6 51
6 74
6 80
6 85
6 87
6 116
6 181
6 195
6 198
6 241
6 260
6 261
6 267
6 271
6 279
6 299
6 319
6 321
6 326
6 345
6 358
6 386
6 396
6 401
6 444
6 454
6 455
6 476
6 484
6 530
6 534
6 535
6 542
6 545
6 547
6 550
6 552
6 576
6 608
6 657
6 791
6 799
6 803
6 815
6 834
6 878
6 909
6 914
6 916
6 919
6 943
7 8
7 10
7 11
7 13
7 14
7 25
7 28
7 31
7 41
7 54
7 58
7 62
7 67
7 96
7 148
7 150
7 164
7 190
7 210
7 224
7 290
7 325
7 333
7 352
7 362
7 405
7 469
7 478
7 567
7 590
7 679
7 844
8 23
8 24
8 49
8 65
8 111
8 120
8 126
8 141
8 152
8 163
8 170
8 190
8 306
8 457
8 560
8 626
8 793
8 836
8 854
9 10
9 15
9 16
9 20
9 24
9 26
9 29
9 34
9 44
9 45
9 55
9 56
9 59
9 62
9 88
9 92
9 94
9 100
9 104
9 108
9 114
9 116
9 135
9 150
9 171
9 182
9 184
9 191
9 203
9 228
9 242
9 243
9 252
9 264
9 278
9 282
9 310
9 311
9 318
9 333
9 381
9 383
9 384
9 387
9 403
9 414
9 439
9 456
9 479
9 516
9 535
9 570
9 571
9 586
9 598
9 604
9 615
9 766
9 808
9 862
9 873
9 893
9 897
9 899
9 907
9 950
10 11
10 14
10 15
10 20
10 21
10 27
10 53
10 78
10 79
10 94
10 95
10 116
10 133
10 151
10 153
10 155
10 184
10 191
10 242
10 252
10 260
10 272
10 293
10 311
10 326
10 360
10 366
10 368
10 380
10 394
10 405
10 430
10 508
10 515
10 602
10 623
10 714
10 741
10 860
10 902
10 926
10 942
10 972
11 46
11 119
11 213
11 244
11 328
11 339
11 363
11 392
11 615
11 667
11 735
11 819
11 870
12 18
12 34
12 57
12 108
12 120
12 180
12 273
12 335
12 447
12 624
12 662
12 703
12 853
12 977
13 117
13 123
13 136
13 162
13 181
13 183
13 230
13 252
13 280
13 289
13 375
13 391
13 396
13 446
13 517
13 521
13 540
13 630
13 664
13 716
13 765
13 799
13 882
14 54
14 125
14 286
14 320
14 502
14 503
14 571
14 682
15 17
15 18
15 20
15 42
15 60
15 69
15 81
15 90
15 96
15 133
15 158
15 205
15 213
15 220
15 221
15 226
15 230
15 254
15 255
15 262
15 265
15 306
15 344
15 349
15 410
15 420
15 466
15 522
15 529
15 605
15 628
15 665
15 696
15 705
15 717
15 734
15 745
15 746
15 753
15 795
15 796
15 853
15 890
15 911
15 927
15 962
16 18
16 66
16 73
16 140
16 161
16 177
16 218
16 233
16 347
16 351
16 395
16 413
16 415
16 448
16 471
16 493
16 506
16 717
16 725
16 735
16 867
16 880
16 886
17 37
17 61
17 71
17 113
17 130
17 158
17 223
17 352
17 801
18 25
18 98
18 159
18 212
18 254
18 290
18 335
18 633
18 699
18 707
18 721
18 756
18 890
20 33
20 210
20 277
20 361
20 498
20 530
20 924
21 36
21 78
21 139
21 168
21 201
21 230
21 445
21 461
21 572
21 653
21 768
21 848
21 928
22 40
22 42
22 101
22 166
22 175
22 228
22 288
22 403
22 513
22 647
22 884
23 39
23 125
23 176
23 248
23 249
23 253
23 282
23 292
23 324
23 347
23 404
23 407
23 432
23 447
23 457
23 507
23 538
23 549
23 580
23 610
23 645
23 686
23 704
23 746
23 874
23 920
23 990
24 46
24 169
24 174
24 176
24 206
24 223
24 403
24 452
24 491
24 507
24 544
24 720
24 783
24 825
24 850
25 36
25 44
25 67
25 74
25 79
25 97
25 112
25 425
25 441
25 505
25 508
25 698
25 771
25 931
26 43
26 45
26 58
26 63
26 77
26 82
26 88
26 94
26 106
26 137
26 156
26 167
26 183
26 231
26 236
26 341
26 459
26 461
26 495
26 527
26 611
26 627
26 634
26 693
26 694
26 702
26 712
26 740
26 807
26 870
27 70
27 123
27 127
27 156
27 216
27 313
27 341
27 785
28 51
28 72
28 86
28 226
28 278
28 281
28 299
29 32
29 45
29 68
29 166
29 201
29 226
29 290
29 312
29 379
29 384
29 439
29 440
29 451
29 546
29 619
29 657
29 659
29 675
29 786
29 840
29 966
30 44
30 106
30 129
30 199
30 209
30 234
30 316
30 439
30 459
30 502
30 511
30 767
30 774
30 788
30 904
30 906
31 56
31 59
31 92
31 122
31 250
31 284
31 286
31 310
31 419
31 507
31 572
31 580
31 648
31 764
31 831
31 844
31 974
32 72
32 112
32 251
32 303
32 548
32 584
32 718
33 90
33 142
33 276
33 331
33 387
33 399
33 400
33 440
33 499
33 541
33 655
33 677
34 35
34 37
34 41
34 60
34 68
34 80
34 86
34 89
34 187
34 204
34 273
34 280
34 314
34 336
34 526
34 597
34 614
34 754
34 799
34 811
34 855
34 906
34 944
35 78
35 182
35 279
35 382
36 38
36 48
36 66
36 130
36 145
36 164
36 170
36 175
36 178
36 183
36 248
36 262
36 374
36 375
36 584
36 623
36 658
36 724
36 853
36 863
36 957
37 51
37 71
37 82
37 87
37 132
37 154
37 216
37 319
37 348
37 414
37 435
37 503
37 612
37 921
37 963
38 47
38 63
38 74
38 105
38 106
38 129
38 151
38 157
38 182
38 188
38 202
38 232
38 239
38 509
38 603
38 648
38 658
38 745
38 784
38 802
38 830
38 924
39 55
39 98
39 164
39 198
39 359
39 374
39 619
39 787
39 835
40 48
40 83
40 95
40 100
40 135
40 153
40 233
40 275
40 315
40 400
40 449
40 494
40 503
40 543
40 643
40 738
40 773
40 830
40 851
40 886
40 907
40 994
41 69
41 249
41 477
41 638
41 659
41 663
41 843
41 855
42 202
42 212
42 214
42 233
42 317
42 367
42 655
42 834
43 64
43 75
43 126
43 224
43 328
43 895
44 111
44 144
44 453
44 888
44 984
45 80
45 139
45 155
45 173
45 215
45 296
45 483
45 631
45 751
45 754
45 771
45 930
45 970
46 175
46 194
46 220
46 318
46 346
46 442
46 602
46 672
46 695
46 955
47 66
47 408
47 432
47 936
48 77
48 131
48 180
48 211
48 283
48 402
48 504
48 871
48 881
48 900
49 52
49 122
49 193
49 313
49 323
49 396
49 424
49 551
49 553
49 743
51 132
51 162
51 386
51 498
51 544
51 732
51 750
51 953
52 539
52 666
52 906
53 64
53 65
53 112
53 127
53 207
53 219
53 235
53 256
53 304
53 473
53 542
54 70
54 105
54 152
54 199
54 450
54 537
54 587
54 637
54 751
54 946
55 81
55 104
55 127
55 139
55 225
55 268
55 285
55 337
55 353
55 452
55 466
55 484
55 513
55 522
55 539
55 627
55 632
55 648
55 663
55 722
55 766
56 107
56 108
56 111
56 331
56 588
56 593
56 904
57 304
57 308
57 359
57 456
57 485
57 566
57 601
58 61
58 96
58 161
58 185
58 221
58 281
58 321
58 415
58 449
58 468
58 559
58 640
58 729
58 822
59 75
59 241
59 451
59 780
60 215
60 282
60 337
60 382
60 497
60 575
61 64
61 77
61 100
61 206
61 231
61 332
61 475
61 567
61 807
61 831
61 860
62 63
62 97
62 105
62 121
62 281
62 390
62 488
62 585
62 587
62 818
62 831
62 878
62 983
63 103
63 124
63 196
63 238
63 262
63 334
63 422
63 752
64 89
64 91
64 101
64 243
64 324
64 360
64 819
64 835
65 110
65 113
65 213
65 338
65 423
65 762
65 870
66 596
66 767
67 103
67 117
67 122
67 132
67 135
67 177
67 178
67 185
67 278
67 629
67 649
67 681
67 780
67 804
67 955
68 82
68 124
68 152
68 215
68 240
68 251
68 289
68 309
68 340
68 385
68 465
68 470
68 554
68 567
68 656
68 666
68 725
68 828
68 987
69 84
69 118
69 121
69 141
69 314
69 433
69 534
69 878
69 894
70 91
70 240
70 284
70 412
70 529
70 553
70 832
70 947
70 948
71 72
71 88
71 107
71 163
71 206
71 238
71 274
71 330
71 381
71 405
71 489
71 645
71 671
71 694
71 891
71 894
71 912
72 75
72 107
72 264
72 284
72 868
72 952
72 961
73 110
73 159
73 221
73 379
73 431
73 464
73 475
73 686
73 704
73 761
73 789
73 802
74 120
74 144
74 154
74 201
74 315
74 331
74 365
74 367
74 498
74 522
74 754
74 940
75 79
75 85
75 99
75 109
75 115
75 220
75 247
75 274
75 313
75 444
75 448
75 606
75 649
75 786
75 795
75 896
77 292
77 446
77 473
77 588
77 885
78 209
78 409
78 546
78 652
78 690
78 739
78 966
79 236
79 267
80 102
80 118
80 161
80 203
80 291
80 354
80 361
80 518
80 543
80 647
80 728
80 736
80 763
80 775
80 777
80 876
80 897
80 958
81 316
81 355
81 489
81 490
81 670
82 291
82 363
82 445
82 722
82 936
82 995
83 109
83 126
83 323
83 390
83 585
83 639
83 762
83 843
83 844
83 908
84 236
84 957
85 258
85 309
85 769
85 929
85 954
86 104
86 172
86 204
86 501
86 520
87 160
87 178
87 250
87 317
87 353
87 397
87 400
87 943
87 956
88 365
88 558
88 721
88 812
88 935
89 90
89 170
89 499
89 994
90 124
90 452
90 480
90 504
90 569
90 651
90 668
90 673
90 688
90 715
90 798
91 128
91 205
91 334
91 371
91 408
91 560
91 943
94 114
94 172
94 197
94 229
94 253
94 402
94 488
94 852
94 869
94 902
95 125
95 235
95 245
95 322
95 406
95 593
95 680
95 938
96 195
96 202
96 525
96 664
96 805
97 821
98 102
98 136
98 137
98 227
98 737
98 812
98 898
99 214
99 348
99 377
99 935
100 144
100 154
100 264
100 418
101 839
102 158
102 167
102 308
102 359
102 389
102 478
102 804
102 818
103 110
103 211
103 217
103 265
103 474
103 684
103 690
103 826
104 194
104 304
104 440
104 660
104 877
104 898
105 123
105 131
105 173
105 187
105 271
105 346
105 401
105 434
105 575
105 653
105 885
105 887
105 930
106 115
106 147
106 191
106 467
106 796
107 168
107 320
107 496
108 128
108 146
108 345
108 371
108 606
108 883
108 935
109 266
109 341
109 470
109 640
109 689
109 698
109 933
110 115
110 142
110 208
110 305
110 322
110 485
110 565
111 119
111 155
111 184
111 316
111 448
111 543
111 760
111 987
112 208
112 350
112 491
112 625
112 636
112 637
112 642
113 735
113 925
114 270
114 454
114 476
114 480
114 998
115 117
115 146
115 168
115 169
115 246
115 322
115 363
115 409
115 490
115 537
115 554
115 646
115 701
115 813
115 950
116 138
116 216
116 222
116 257
116 283
116 350
116 376
116 418
116 583
116 625
116 785
116 940
116 961
117 121
117 192
117 198
117 434
117 532
117 676
117 690
118 147
118 171
118 197
118 208
118 302
118 342
118 441
118 566
118 650
118 677
118 713
118 813
119 280
119 340
119 482
119 513
119 518
119 547
119 576
119 937
119 939
119 960
119 977
119 983
120 137
120 364
120 407
120 559
120 662
120 824
120 871
120 956
121 138
121 219
121 270
121 300
121 385
121 434
121 564
121 861
122 200
122 510
122 558
122 563
122 632
122 727
122 976
123 306
123 481
123 681
124 443
124 511
124 708
124 851
125 141
125 162
125 173
125 378
125 385
125 852
126 378
126 438
127 146
127 203
127 229
127 297
127 318
127 508
127 523
127 582
127 823
128 150
128 389
129 243
130 838
131 189
131 297
131 351
131 416
131 550
132 153
132 419
132 501
132 953
133 314
135 340
135 594
136 193
136 332
136 410
136 505
136 877
137 330
137 605
138 140
138 157
138 165
138 197
138 257
138 413
138 433
138 586
138 603
138 667
138 729
139 196
140 188
141 234
141 272
141 487
141 537
141 779
141 839
141 941
142 148
142 167
142 193
142 301
142 305
144 239
144 377
144 438
145 187
145 241
145 291
145 301
145 806
146 165
146 232
146 268
146 880
146 965
147 274
147 645
147 924
148 160
148 516
148 731
148 925
150 339
150 437
151 214
151 218
151 270
151 312
151 414
151 427
151 703
151 810
151 854
151 867
151 901
152 225
152 423
152 803
153 374
153 383
153 536
153 691
153 705
153 798
154 598
155 647
156 298
156 299
156 800
157 635
157 820
157 952
158 217
158 639
158 847
159 180
159 293
159 682
159 751
160 319
160 466
160 940
160 973
161 366
161 413
161 565
161 589
161 797
162 354
162 848
162 920
162 991
163 356
163 619
163 678
163 748
163 874
163 903
164 333
164 352
164 397
164 445
164 451
164 739
165 223
165 883
166 188
166 195
166 200
166 209
166 225
166 277
166 364
166 497
166 672
166 681
166 810
166 984
167 295
167 339
167 415
167 481
167 552
167 589
167 596
167 657
167 743
167 773
167 775
167 837
167 847
167 865
167 913
167 914
167 937
168 200
168 228
168 460
168 483
168 519
168 876
169 253
170 207
171 406
171 547
171 625
172 569
172 901
173 177
173 592
173 742
174 326
174 680
174 706
174 766
174 792
174 934
175 256
175 959
177 196
177 273
177 465
177 506
177 685
177 707
177 952
178 238
178 244
178 527
180 261
180 425
180 644
180 788
181 205
181 494
181 499
181 576
181 616
181 631
181 782
181 905
182 315
182 709
182 718
183 194
183 453
183 485
183 495
183 863
183 925
184 189
184 362
184 429
184 785
184 841
185 325
185 608
187 222
187 275
187 286
187 298
187 549
187 601
187 618
187 678
187 726
187 775
187 859
188 554
189 971
190 399
190 514
190 685
190 716
190 949
191 698
191 814
194 355
194 370
194 426
195 218
195 804
195 900
196 276
196 307
196 370
196 536
196 761
197 217
197 258
197 266
197 292
197 477
198 244
198 361
198 395
198 464
198 510
198 594
198 651
199 227
199 246
199 419
199 426
199 473
199 594
199 641
199 705
199 800
199 891
200 272
200 583
200 730
202 540
203 210
203 568
203 617
203 628
203 636
203 822
203 938
204 211
204 324
204 372
204 696
204 845
204 947
205 392
205 430
205 599
206 563
207 219
207 310
207 390
207 572
207 701
207 738
208 327
208 459
208 635
209 353
209 362
209 782
210 487
210 646
210 661
210 671
210 708
212 636
214 474
214 655
214 726
214 951
215 266
215 329
215 568
215 616
215 727
215 912
216 474
216 616
216 993
217 246
217 389
217 760
217 806
219 391
219 404
220 237
220 455
220 707
221 222
221 224
221 429
221 493
221 521
221 641
221 643
222 300
222 338
222 411
222 450
222 468
222 561
222 974
223 621
223 622
223 787
224 495
225 688
226 772
226 874
227 402
227 422
228 411
228 465
228 608
228 864
228 929
229 265
229 277
229 296
229 334
229 372
229 432
229 509
229 649
230 695
231 307
232 701
233 328
233 461
233 570
233 762
233 988
234 462
234 679
234 725
234 811
234 829
235 412
235 592
235 926
236 237
236 365
236 516
236 685
236 816
236 942
237 467
238 271
238 317
238 612
238 981
239 275
239 606
239 817
240 423
240 435
240 551
240 755
240 846
241 245
242 345
242 574
242 900
242 914
243 283
243 487
243 553
244 349
244 702
246 329
246 761
246 903
247 254
247 288
247 945
247 968
248 295
248 325
248 660
248 903
248 909
249 358
249 975
250 859
253 532
254 699
254 731
255 916
256 604
256 639
256 733
256 748
256 772
256 913
256 972
257 366
257 383
258 426
258 463
260 376
260 899
261 462
265 347
265 349
265 492
265 654
265 969
266 520
266 642
266 947
267 598
267 604
267 747
267 784
267 915
267 934
267 951
270 330
270 525
270 765
270 979
272 490
273 424
273 436
273 618
273 970
274 301
274 305
275 443
276 561
276 587
276 640
276 896
277 279
279 342
279 628
279 666
279 742
280 297
280 408
280 410
280 732
281 643
281 662
281 669
282 323
282 348
282 364
282 407
282 541
283 387
283 634
283 722
283 864
283 871
283 918
284 421
284 644
284 734
284 992
285 579
285 675
285 818
285 907
286 356
286 613
286 749
289 668
289 955
290 346
290 472
290 526
290 548
290 570
290 574
290 687
290 730
290 747
290 780
291 895
292 646
295 752
296 337
296 624
296 687
296 868
296 980
297 526
297 875
298 332
298 865
298 964
299 327
299 486
299 586
299 677
299 694
299 823
299 985
301 820
301 927
302 368
303 972
304 420
307 540
307 578
308 382
308 582
308 614
308 816
308 866
309 441
309 968
310 774
311 404
311 428
312 399
312 555
313 601
314 351
314 376
314 446
314 501
314 613
314 650
314 671
314 792
314 819
314 898
315 483
315 496
315 609
315 744
315 758
316 388
316 582
318 417
318 581
318 674
318 992
319 394
321 357
321 697
322 528
322 971
323 421
323 462
323 915
325 518
325 736
325 922
326 493
326 790
327 354
327 482
327 541
327 557
327 653
327 654
327 740
327 777
327 964
328 584
328 882
329 460
329 602
330 550
331 933
332 428
332 433
332 591
332 600
332 719
333 520
333 729
333 753
334 825
334 869
335 422
335 555
335 697
336 581
337 356
337 519
338 380
338 720
339 514
339 556
341 355
341 486
341 670
341 954
344 388
344 436
344 438
345 574
345 621
345 706
346 379
347 548
347 630
348 420
349 368
350 454
350 581
350 688
354 447
354 523
355 430
355 603
355 797
356 514
357 536
357 805
357 915
357 944
359 593
359 600
359 859
359 954
361 370
362 578
362 763
362 942
363 542
363 758
363 801
363 806
363 841
364 443
365 412
366 979
367 471
367 500
367 697
367 899
368 388
368 437
368 791
370 519
370 599
370 692
370 893
371 564
371 627
371 770
371 786
371 842
371 922
372 792
375 478
375 500
375 566
375 610
378 849
379 605
379 629
379 998
382 715
382 755
383 551
383 597
383 727
383 765
384 545
384 633
387 872
390 778
391 544
391 795
391 918
391 922
392 659
394 406
394 595
394 783
395 421
395 449
397 661
397 829
399 472
399 808
401 532
402 517
402 523
405 456
405 626
405 974
406 471
406 740
406 905
407 579
407 590
407 689
407 857
408 435
408 479
408 862
409 431
411 417
411 491
411 500
411 713
411 875
414 549
414 833
415 429
415 981
417 624
417 708
418 530
418 556
418 580
418 684
418 814
419 710
419 848
420 667
420 923
420 976
421 494
421 986
422 684
422 904
422 905
424 488
424 983
425 680
425 965
425 988
426 463
426 578
426 674
426 710
426 713
428 482
429 802
429 816
430 842
431 571
431 789
433 817
433 833
434 824
436 585
436 892
436 979
438 712
438 873
440 484
440 772
440 826
441 770
441 782
441 944
442 472
442 564
443 510
443 815
444 851
444 861
444 948
446 463
446 521
446 672
446 750
446 791
447 453
447 588
447 768
447 846
447 887
449 502
449 592
449 749
449 997
450 591
450 781
450 823
450 968
452 644
453 557
453 849
453 884
455 794
456 464
456 758
459 652
459 986
461 817
465 528
466 833
467 908
468 475
468 988
469 678
470 798
471 748
474 673
478 534
478 595
478 600
479 529
479 675
479 691
483 746
484 794
484 867
484 917
485 704
485 800
486 866
487 964
488 497
488 736
488 929
489 509
489 524
489 614
489 623
489 726
490 579
491 492
492 967
493 692
495 989
497 559
497 882
498 555
498 880
498 991
499 569
499 757
499 856
500 820
501 517
501 691
501 863
502 511
505 728
505 963
505 975
506 696
508 720
509 621
509 767
509 779
510 633
510 747
510 807
513 524
513 656
513 734
513 737
517 997
519 622
519 660
520 732
521 610
522 719
523 525
523 793
525 611
525 658
526 857
528 613
535 692
539 821
540 615
540 830
542 923
548 558
548 756
548 828
549 556
549 565
550 596
552 714
553 856
554 855
556 638
558 744
558 864
558 881
560 710
561 611
561 617
561 778
561 946
563 770
566 730
569 622
570 902
572 971
574 933
576 589
578 599
578 801
579 836
581 724
581 733
581 741
582 714
583 669
586 834
588 631
588 763
590 618
591 617
592 821
593 989
594 715
595 682
595 764
596 781
598 872
600 858
600 860
602 731
604 858
604 885
605 699
605 773
605 852
606 721
608 665
608 693
608 941
609 663
609 728
613 738
617 673
617 737
617 771
617 838
618 641
618 706
618 711
618 858
618 995
621 843
623 752
623 774
623 890
624 702
624 784
626 741
627 841
631 635
631 693
631 813
634 665
634 995
636 854
636 857
638 652
639 757
641 668
642 946
645 687
647 733
648 803
648 963
649 661
649 923
649 996
654 656
655 957
655 973
656 711
656 970
657 750
657 866
657 936
658 760
659 709
659 845
660 739
661 966
661 993
662 744
666 961
672 928
676 985
677 948
678 686
678 769
680 835
680 876
680 921
688 838
692 703
692 892
692 937
696 959
696 965
699 719
703 711
706 825
707 797
708 815
709 824
709 901
710 847
712 717
714 888
715 822
718 967
719 916
722 996
726 849
726 919
726 969
728 850
731 949
732 918
737 756
737 993
739 846
740 991
742 790
746 810
746 837
746 886
750 895
751 977
752 828
752 845
761 958
764 808
768 945
769 781
769 787
771 865
780 919
782 981
785 814
788 945
791 909
798 832
798 939
801 962
807 930
807 931
810 887
814 888
823 836
825 912
826 868
832 959
832 960
833 913
839 873
842 917
844 877
848 897
849 975
857 990
858 881
858 960
862 892
863 884
868 996
871 926
871 973
892 934
893 998
895 911
903 976
908 951
916 950
967 985
