0 1
0 3
0 4
0 5
0 6
0 7
0 9
0 15
0 16
0 22
0 24
0 26
0 28
0 29
0 31
0 53
0 57
0 60
0 84
0 85
0 86
0 89
0 91
0 97
0 99
0 128
0 142
0 147
0 151
0 156
0 181
0 190
0 192
0 199
0 212
0 229
0 242
0 255
0 257
0 260
0 261
0 268
0 276
0 288
0 320
0 344
0 375
0 416
0 418
0 442
0 450
0 455
0 469
0 477
0 575
0 590
0 679
0 757
0 812
0 837
0 850
0 893
0 939
0 962
0 967
0 969
1 4
1 7
1 12
1 21
1 22
1 31
1 35
1 67
1 83
1 98
1 118
1 163
1 232
1 234
1 247
1 249
1 295
1 303
1 309
1 411
1 416
1 417
1 442
1 492
1 505
1 524
1 527
1 538
1 595
1 632
1 638
1 676
1 769
1 789
1 862
1 896
1 921
1 938
1 980
3 5
3 6
3 9
3 21
3 28
3 32
3 33
3 34
3 38
3 48
3 49
3 65
3 68
3 99
3 109
3 119
3 157
3 159
3 179
3 237
3 239
3 256
3 285
3 300
3 307
3 308
3 336
3 476
3 480
3 539
3 545
3 642
3 753
3 794
3 839
3 920
4 16
4 22
4 26
4 27
4 39
4 41
4 62
4 69
4 73
4 92
4 130
4 192
4 227
4 312
4 327
4 528
4 591
4 609
4 676
4 743
4 745
4 777
5 61
5 114
5 245
5 255
5 357
5 552
5 597
5 630
5 637
6 12
6 14
6 17
6 35
6 37
6 39
6 40
6 43
6 74
6 80
6 85
6 87
6 116
6 181
6 195
6 198
6 241
6 260
6 261
6 271
6 299
6 321
6 326
6 345
6 358
6 386
6 396
6 444
6 454
6 455
6 476
6 484
6 530
6 534
6 535
6 545
6 547
6 550
6 552
6 576
6 608
6 791
6 799
6 803
6 815
6 878
6 909
6 914
6 916
6 919
6 943
7 14
7 25
7 28
7 31
7 41
7 58
7 62
7 67
7 96
7 150
7 164
7 190
7 210
7 290
7 333
7 352
7 362
7 405
7 469
7 478
7 567
7 590
7 679
7 844
9 15
9 16
9 24
9 26
9 29
9 34
9 44
9 45
9 55
9 56
9 62
9 88
9 92
9 94
9 100
9 104
9 108
9 114
9 116
9 135
9 150
9 182
9 184
9 191
9 203
9 228
9 242
9 252
9 264
9 278
9 282
9 310
9 311
9 318
9 333
9 381
9 383
9 387
9 403
9 439
9 456
9 479
9 535
9 570
9 571
9 586
9 598
9 604
9 615
9 766
9 862
9 873
9 893
9 897
9 899
9 907
12 18
12 34
12 57
12 108
12 120
12 180
12 273
12 447
12 624
12 703
12 853
14 125
14 286
14 320
14 571
14 682
15 17
15 18
15 42
15 60
15 69
15 81
15 90
15 96
15 158
15 205
15 213
15 220
15 221
15 230
15 254
15 255
15 262
15 265
15 306
15 344
15 349
15 410
15 420
15 466
15 522
15 529
15 605
15 665
15 705
15 717
15 745
15 746
15 753
15 796
15 853
15 890
15 927
15 962
16 18
16 66
16 73
16 140
16 177
16 218
16 233
16 351
16 395
16 413
16 415
16 448
16 471
16 493
16 506
16 717
16 725
16 735
16 867
16 886
17 37
17 61
17 113
17 130
17 158
17 223
17 352
17 801
18 25
18 98
18 159
18 212
18 254
18 290
18 633
18 699
18 707
18 721
18 890
21 78
21 201
21 230
21 445
21 461
21 572
21 653
21 848
22 40
22 42
22 175
22 228
22 288
22 403
22 513
22 647
22 884
24 46
24 176
24 206
24 223
24 403
24 452
24 491
24 507
24 544
24 720
24 783
24 850
25 44
25 67
25 74
25 97
25 112
25 425
25 441
25 505
25 508
25 698
25 931
26 43
26 45
26 58
26 77
26 88
26 94
26 106
26 137
26 156
26 167
26 183
26 236
26 341
26 459
26 461
26 495
26 527
26 627
26 693
26 694
26 712
26 740
26 870
27 70
27 123
27 127
27 156
27 216
27 313
27 341
28 72
28 86
28 278
28 281
28 299
29 32
29 45
29 68
29 201
29 290
29 312
29 379
29 439
29 440
29 451
29 546
29 619
29 659
29 786
29 840
29 966
31 56
31 92
31 122
31 250
31 286
31 310
31 419
31 507
31 572
31 580
31 648
31 831
31 844
31 974
32 72
32 112
32 251
32 303
32 548
32 584
32 718
33 90
33 142
33 276
33 331
33 387
33 399
33 400
33 440
33 499
33 677
34 35
34 37
34 41
34 60
34 68
34 80
34 86
34 89
34 187
34 273
34 280
34 314
34 336
34 526
34 597
34 614
34 754
34 799
34 811
34 906
35 78
35 182
35 382
37 87
37 132
37 216
37 348
37 435
37 921
37 963
38 74
38 105
38 106
38 129
38 151
38 157
38 182
38 188
38 202
38 232
38 239
38 509
38 603
38 648
38 658
38 745
38 802
38 830
38 924
39 55
39 98
39 164
39 198
39 359
39 374
39 619
39 787
39 835
40 48
40 83
40 95
40 100
40 135
40 153
40 233
40 275
40 315
40 400
40 449
40 494
40 543
40 643
40 830
40 851
40 886
40 907
40 994
41 69
41 249
41 477
41 638
41 659
41 663
41 843
42 202
42 212
42 214
42 233
42 317
42 367
43 64
43 126
43 328
43 895
44 144
44 453
44 888
44 984
45 80
45 155
45 173
45 215
45 296
45 483
45 631
45 751
45 754
45 930
45 970
46 175
46 194
46 220
46 318
46 346
46 442
46 602
46 672
46 955
48 77
48 131
48 180
48 211
48 283
48 402
48 504
48 871
48 881
48 900
49 52
49 122
49 193
49 313
49 323
49 396
49 424
49 743
52 539
52 666
52 906
53 64
53 65
53 112
53 127
53 219
53 256
53 304
53 473
55 81
55 104
55 127
55 225
55 268
55 285
55 337
55 353
55 452
55 466
55 484
55 513
55 522
55 539
55 627
55 632
55 648
55 663
55 722
55 766
56 107
56 108
56 331
56 593
56 904
57 304
57 308
57 359
57 456
57 566
57 601
58 61
58 96
58 185
58 221
58 281
58 321
58 415
58 449
58 468
58 559
58 640
58 822
60 215
60 282
60 337
60 382
60 497
60 575
61 64
61 77
61 100
61 206
61 332
61 567
61 831
61 860
62 97
62 105
62 121
62 281
62 390
62 488
62 585
62 587
62 818
62 831
62 878
62 983
64 89
64 91
64 360
64 819
64 835
65 110
65 113
65 213
65 423
65 762
65 870
66 596
66 767
67 103
67 117
67 122
67 132
67 135
67 177
67 178
67 185
67 278
67 629
67 649
67 681
67 780
67 804
67 955
68 124
68 152
68 215
68 251
68 289
68 309
68 385
68 465
68 470
68 554
68 567
68 656
68 666
68 725
68 828
68 987
69 84
69 118
69 121
69 314
69 433
69 534
69 878
69 894
70 91
70 529
70 947
70 948
72 107
72 264
72 952
72 961
73 110
73 159
73 221
73 379
73 464
73 686
73 704
73 761
73 789
73 802
74 120
74 144
74 201
74 315
74 331
74 365
74 367
74 498
74 522
74 754
77 292
77 446
77 473
77 885
78 209
78 409
78 546
78 652
78 690
78 739
78 966
80 102
80 118
80 203
80 291
80 354
80 361
80 518
80 543
80 647
80 736
80 775
80 777
80 897
80 958
81 316
81 355
81 490
83 109
83 126
83 323
83 390
83 585
83 762
83 843
83 844
83 908
84 236
85 309
85 769
85 929
85 954
86 104
86 172
86 501
86 520
87 160
87 178
87 250
87 317
87 353
87 397
87 400
87 943
88 365
88 558
88 721
88 812
88 935
89 90
89 170
89 499
89 994
90 124
90 452
90 480
90 504
90 651
90 668
90 673
90 688
90 798
91 128
91 205
91 334
91 371
91 943
94 114
94 172
94 197
94 229
94 253
94 402
94 488
94 852
94 869
95 125
95 245
95 406
95 593
95 680
95 938
96 195
96 202
96 664
98 102
98 137
98 227
98 812
98 898
99 214
99 348
99 377
99 935
100 144
100 264
100 418
102 158
102 167
102 308
102 359
102 389
102 478
102 804
102 818
103 110
103 211
103 217
103 265
103 474
103 684
103 690
103 826
104 194
104 304
104 440
104 660
104 877
104 898
105 123
105 131
105 173
105 187
105 271
105 346
105 434
105 575
105 653
105 885
105 887
105 930
106 147
106 191
106 796
107 320
107 496
108 128
108 345
108 371
108 606
108 883
108 935
109 266
109 341
109 470
109 640
109 689
109 698
110 142
110 208
110 565
112 208
112 491
112 625
112 636
112 637
112 642
113 735
113 925
114 454
114 476
114 480
114 998
116 216
116 257
116 283
116 376
116 418
116 625
116 961
117 121
117 192
117 198
117 434
117 532
117 676
117 690
118 147
118 197
118 208
118 342
118 441
118 566
118 650
118 677
118 713
119 280
119 482
119 513
119 518
119 547
119 576
119 937
119 939
119 960
119 983
120 137
120 364
120 407
120 559
120 824
120 871
121 219
121 300
121 385
121 434
121 564
122 200
122 510
122 558
122 632
122 727
122 976
123 306
123 481
123 681
124 443
124 851
125 162
125 173
125 385
125 852
126 438
127 203
127 229
127 297
127 318
127 508
127 523
127 582
128 150
128 389
130 838
131 189
131 297
131 351
131 416
131 550
132 153
132 419
132 501
135 594
137 330
137 605
140 188
142 167
142 193
142 301
144 239
144 377
144 438
147 274
147 645
147 924
150 339
151 214
151 218
151 312
151 703
151 854
151 867
151 901
152 225
152 423
152 803
153 374
153 383
153 536
153 691
153 705
153 798
155 647
156 298
156 299
156 800
157 635
157 820
157 952
158 217
158 847
159 180
159 293
159 682
159 751
160 466
160 973
162 354
162 848
162 920
163 619
163 678
163 748
163 874
163 903
164 333
164 352
164 397
164 445
164 451
164 739
167 295
167 339
167 415
167 481
167 552
167 589
167 596
167 743
167 775
167 837
167 847
167 865
167 913
167 914
167 937
172 901
173 177
173 592
173 742
175 256
175 959
177 196
177 273
177 465
177 506
177 685
177 707
177 952
178 238
178 244
178 527
180 261
180 425
180 644
180 788
181 205
181 494
181 499
181 576
181 616
181 631
181 782
181 905
182 315
182 709
182 718
183 194
183 453
183 495
183 863
183 925
184 189
184 362
184 429
184 841
185 608
187 275
187 286
187 298
187 549
187 601
187 618
187 678
187 775
188 554
189 971
190 399
190 514
190 685
190 716
190 949
191 698
191 814
194 355
194 370
194 426
195 218
195 804
195 900
196 276
196 307
196 370
196 536
196 761
197 217
197 266
197 292
197 477
198 244
198 361
198 395
198 464
198 510
198 594
198 651
199 227
199 246
199 419
199 426
199 473
199 594
199 641
199 705
199 800
199 891
200 272
200 730
202 540
203 210
203 568
203 636
203 822
203 938
205 392
208 327
208 459
208 635
209 353
209 362
209 782
210 487
210 646
210 671
212 636
214 474
214 951
215 266
215 568
215 616
215 727
215 912
216 474
216 616
216 993
217 246
217 389
217 760
217 806
219 391
219 404
220 237
220 455
220 707
221 429
221 493
221 521
221 641
221 643
223 621
223 787
225 688
227 402
227 422
228 411
228 465
228 608
228 864
228 929
229 265
229 277
229 296
229 334
229 372
229 432
229 509
229 649
232 701
233 328
233 461
233 570
233 762
233 988
234 462
234 679
234 725
234 811
234 829
236 237
236 365
236 685
236 816
236 942
238 271
238 317
238 981
239 275
239 606
239 817
241 245
242 345
242 574
242 900
242 914
244 349
246 761
246 903
247 254
247 288
247 945
248 295
248 660
248 903
248 909
249 358
253 532
254 699
254 731
255 916
256 604
256 733
256 748
256 772
256 913
256 972
257 383
260 376
260 899
261 462
265 349
265 492
265 969
266 520
266 642
266 947
272 490
273 424
273 618
273 970
274 301
275 443
276 561
276 587
276 640
276 896
280 297
280 410
280 732
281 643
282 323
282 348
282 364
282 407
283 387
283 722
283 864
283 871
285 579
285 818
285 907
289 668
289 955
290 346
290 472
290 526
290 548
290 570
290 574
290 687
290 730
290 747
290 780
291 895
292 646
295 752
296 337
296 624
296 687
296 980
297 526
297 875
298 332
298 865
298 964
299 327
299 586
299 677
299 694
299 985
301 820
301 927
303 972
304 420
307 540
307 578
308 382
308 582
308 614
308 816
308 866
309 441
311 404
311 428
312 399
312 555
313 601
314 351
314 376
314 446
314 501
314 650
314 671
314 792
314 819
314 898
315 483
315 496
315 609
315 744
315 758
316 582
318 417
318 674
321 357
321 697
323 421
323 462
323 915
326 493
326 790
327 354
327 482
327 653
327 740
327 777
327 964
328 584
330 550
332 428
332 433
332 591
332 719
333 520
333 753
334 869
337 519
339 514
339 556
341 355
341 954
344 438
345 574
345 621
345 706
346 379
348 420
349 368
354 447
354 523
355 603
357 536
357 915
359 593
359 954
361 370
362 578
362 942
363 758
363 801
363 806
363 841
364 443
367 471
367 500
367 697
367 899
368 791
370 519
370 692
370 893
371 564
371 627
371 770
371 786
371 842
371 922
372 792
375 478
375 500
375 566
379 605
379 629
379 998
383 597
383 727
383 765
387 872
390 778
391 544
391 922
392 659
395 421
395 449
397 829
399 472
402 517
402 523
405 456
405 626
405 974
406 471
406 740
406 905
407 579
407 590
407 689
407 857
411 417
411 491
411 500
411 713
411 875
415 429
415 981
417 624
418 530
418 556
418 580
418 684
418 814
419 710
419 848
420 667
420 923
420 976
421 494
422 684
422 904
422 905
424 488
424 983
425 680
425 965
425 988
426 463
426 578
426 674
426 710
426 713
428 482
429 802
429 816
433 817
433 833
434 824
438 712
438 873
440 484
440 772
440 826
441 770
441 782
442 472
442 564
443 510
443 815
444 851
444 948
446 463
446 521
446 672
446 791
447 453
447 846
447 887
449 592
449 997
450 591
450 781
452 644
453 849
453 884
455 794
456 464
456 758
459 652
461 817
465 528
466 833
468 988
469 678
470 798
471 748
474 673
478 534
478 595
479 529
479 691
483 746
484 794
484 867
484 917
487 964
488 497
488 736
488 929
490 579
491 492
492 967
493 692
495 989
497 559
498 555
499 757
499 856
500 820
501 517
501 691
501 863
505 963
508 720
509 621
509 767
509 779
510 633
510 747
513 524
513 656
517 997
519 660
520 732
522 719
523 793
526 857
535 692
540 615
540 830
548 558
548 828
549 556
549 565
550 596
552 714
556 638
558 744
558 864
558 881
561 778
561 946
566 730
572 971
576 589
578 801
579 836
582 714
590 618
593 989
595 682
596 781
598 872
602 731
604 858
604 885
605 699
605 852
606 721
608 665
608 693
608 941
609 663
618 641
618 706
618 711
618 858
618 995
621 843
623 752
623 890
626 741
627 841
631 635
631 693
636 854
636 857
638 652
641 668
642 946
645 687
647 733
648 803
648 963
649 923
649 996
656 711
656 970
658 760
659 709
659 845
660 739
666 961
676 985
677 948
678 686
678 769
680 835
680 921
688 838
692 703
692 892
692 937
699 719
703 711
709 824
709 901
710 847
712 717
714 888
718 967
719 916
722 996
731 949
739 846
742 790
746 837
746 886
752 828
752 845
761 958
769 781
769 787
780 919
782 981
788 945
791 909
798 939
801 962
814 888
833 913
839 873
842 917
844 877
848 897
857 990
858 881
858 960
862 892
863 884
871 926
871 973
892 934
893 998
903 976
908 951
967 985
