1 2
2 1
2 818
2 819
2 820
2 846
2 847
3 4
3 5
4 3
4 5
4 719
5 3
5 4
6 7
7 6
7 144
7 145
7 146
8 9
9 8
10 11
11 10
12 13
12 14
12 35
13 12
13 14
13 35
14 12
14 13
14 35
15 16
15 1057
15 1058
16 15
17 18
18 17
19 20
20 19
21 22
22 21
22 1089
23 24
24 23
25 26
26 25
27 28
28 27
29 30
30 29
31 32
32 31
33 34
34 33
35 12
35 13
35 14
36 37
37 36
38 39
39 38
40 41
40 46
41 40
42 43
42 44
43 42
43 44
44 42
44 43
44 45
45 44
46 40
47 48
48 47
49 50
50 49
51 52
51 702
51 902
52 51
53 54
54 53
54 155
55 56
56 55
57 58
57 1831
58 57
58 1645
59 60
60 59
60 1613
61 62
62 61
63 64
63 73
64 63
64 246
64 1014
65 66
66 65
67 68
67 69
67 70
68 67
68 69
68 70
68 94
68 174
69 67
69 68
69 70
70 67
70 68
70 69
71 72
71 1631
71 1632
72 71
73 63
73 1432
73 2095
73 2096
74 75
75 74
76 77
77 76
77 2024
78 79
79 78
80 81
81 80
82 83
83 82
84 85
85 84
86 87
86 1975
87 86
87 219
87 657
87 658
87 1617
87 1710
87 1975
88 89
89 88
90 91
91 90
92 93
93 92
94 68
95 96
95 2168
96 95
97 98
98 97
99 100
99 101
100 99
100 101
101 99
101 100
102 103
102 104
102 105
103 102
103 104
103 105
103 415
103 416
104 102
104 103
104 105
105 102
105 103
105 104
105 106
106 105
107 108
108 107
108 643
108 644
109 110
110 109
110 462
111 112
111 113
112 111
112 113
113 111
113 112
114 115
115 114
116 117
116 1716
116 1717
116 1736
117 116
118 119
119 118
120 121
120 122
121 120
121 122
121 124
121 129
121 130
121 137
121 235
121 376
121 483
121 762
122 120
122 121
122 124
122 129
122 130
122 137
122 235
122 376
122 483
122 543
122 762
123 124
123 125
123 126
123 859
124 121
124 122
124 123
124 125
124 126
124 129
124 130
124 236
124 237
124 241
124 859
124 887
124 1026
124 1048
125 123
125 124
125 126
125 236
125 237
125 887
125 1026
125 1048
126 123
126 124
126 125
126 859
127 128
127 731
127 881
127 903
128 127
128 881
129 121
129 122
129 124
129 130
129 240
129 241
129 242
129 243
129 376
129 476
129 477
129 483
130 121
130 122
130 124
130 129
130 376
130 483
130 1909
130 1911
131 132
132 131
133 134
133 135
133 471
133 892
133 904
134 133
134 135
134 471
134 892
134 904
135 133
135 134
135 289
135 374
135 375
135 376
135 471
135 472
135 892
135 904
135 1069
135 1987
135 1988
136 137
136 480
136 627
137 121
137 122
137 136
137 234
137 235
137 475
137 480
137 543
137 762
137 1004
137 1029
138 139
139 138
140 141
140 142
140 143
140 945
140 960
140 961
140 962
140 974
140 1072
140 2231
141 140
141 142
141 143
141 945
141 974
142 140
142 141
142 143
142 945
142 949
142 950
142 951
142 960
142 961
142 962
142 974
142 2292
143 140
143 141
143 142
143 945
143 974
143 2231
144 7
144 145
144 146
145 7
145 144
145 146
146 7
146 144
146 145
147 148
148 147
149 150
150 149
151 152
152 151
153 154
154 153
155 54
156 157
157 156
158 159
159 158
160 161
161 160
162 163
162 689
162 911
162 912
163 162
164 165
165 164
166 167
166 1992
166 1993
167 166
168 169
169 168
170 171
170 172
170 173
171 170
171 172
171 173
172 170
172 171
172 173
172 921
172 1768
173 170
173 171
173 172
174 68
175 176
176 175
176 1392
177 178
177 179
178 177
178 179
179 177
179 178
180 181
180 182
180 183
180 2248
181 180
181 182
181 183
181 2248
182 180
182 181
182 183
182 2248
183 180
183 181
183 182
184 185
185 184
186 187
186 188
187 186
187 188
187 229
188 186
188 187
188 222
188 223
188 224
189 190
190 189
191 192
192 191
193 194
193 195
194 193
194 195
194 216
194 547
195 193
195 194
196 197
197 196
198 199
198 200
198 201
198 204
198 205
199 198
200 198
200 201
200 210
201 198
201 200
201 204
201 205
202 203
202 1204
203 202
204 198
204 201
204 205
205 198
205 201
205 204
206 207
207 206
208 209
208 405
209 208
210 200
211 212
212 211
212 392
212 1570
212 1795
213 214
214 213
215 216
215 452
215 453
216 194
216 215
216 573
217 218
218 217
218 457
218 561
218 602
218 1691
218 2127
219 87
219 566
220 221
220 419
220 420
221 220
222 188
222 223
222 224
223 188
223 222
223 224
224 188
224 222
224 223
225 226
226 225
226 562
226 563
226 668
227 228
228 227
229 187
230 231
231 230
232 233
232 263
232 264
232 265
232 266
232 1651
233 232
234 137
234 235
234 280
235 121
235 122
235 137
235 234
235 280
235 1004
235 1029
236 124
236 125
236 237
236 567
236 615
236 1416
236 1515
236 1709
236 1740
236 1741
236 1941
237 124
237 125
237 236
238 239
238 340
238 499
238 642
239 238
239 1731
239 1732
239 1733
239 1734
239 1735
240 129
240 241
240 242
240 243
240 1388
241 124
241 129
241 240
241 242
241 243
242 129
242 240
242 241
242 243
242 892
242 893
242 905
243 129
243 240
243 241
243 242
243 892
243 893
244 245
245 244
246 64
246 290
246 393
246 394
247 248
248 247
248 759
248 760
249 250
249 641
249 2022
249 2023
250 249
250 317
250 655
250 715
250 1372
251 252
251 253
251 1946
251 1949
251 2219
252 251
252 253
252 1590
252 1591
253 251
253 252
254 255
254 256
254 257
255 254
255 256
255 257
256 254
256 255
256 257
257 254
257 255
257 256
257 303
257 340
257 341
257 362
257 363
257 364
258 259
259 258
259 399
259 1777
260 261
260 262
261 260
261 262
262 260
262 261
263 232
263 264
263 265
264 232
264 263
264 265
265 232
265 263
265 264
265 266
265 1651
266 232
266 265
266 1181
267 268
267 269
268 267
268 269
269 267
269 268
269 410
270 271
271 270
272 273
273 272
274 275
274 276
274 277
275 274
275 276
275 277
276 274
276 275
276 277
277 274
277 275
277 276
278 279
278 287
278 331
279 278
279 331
280 234
280 235
281 282
282 281
283 284
284 283
285 286
286 285
287 278
288 289
288 1540
289 135
289 288
289 374
289 375
289 376
289 995
290 246
290 291
290 393
290 394
291 290
292 293
293 292
294 295
295 294
296 297
296 298
296 344
296 345
296 346
297 296
297 298
297 762
298 296
298 297
299 300
300 299
301 302
301 761
302 301
302 761
303 257
304 305
305 304
306 307
306 645
306 646
306 1086
306 1171
306 1256
306 1881
306 1967
307 306
307 702
307 726
307 1324
308 309
309 308
310 311
310 312
311 310
311 312
312 310
312 311
313 314
313 564
313 565
313 885
314 313
314 330
315 316
316 315
317 250
317 1622
317 1976
318 319
318 2326
319 318
319 2326
320 321
321 320
322 323
322 324
322 1236
322 1294
322 1295
322 1300
322 1305
322 1341
322 1636
323 322
323 324
323 404
324 322
324 323
324 455
324 483
324 689
324 703
324 722
324 773
324 906
324 907
324 908
325 326
325 327
326 325
326 327
327 325
327 326
328 329
329 328
330 314
331 278
331 279
332 333
333 332
334 335
335 334
336 337
337 336
338 339
338 992
339 338
340 238
340 257
340 362
340 363
340 364
341 257
341 550
342 343
342 370
343 342
344 296
344 345
344 346
345 296
345 344
345 346
346 296
346 344
346 345
346 397
347 348
347 349
348 347
348 349
349 347
349 348
350 351
351 350
351 358
351 359
351 403
352 353
353 352
354 355
354 363
354 706
354 1432
354 1567
354 1568
354 1737
354 1878
354 2018
355 354
356 357
357 356
358 351
358 359
358 391
359 351
359 358
360 361
361 360
362 257
362 340
362 363
362 364
362 887
363 257
363 340
363 354
363 362
363 364
363 1146
363 1147
363 1232
363 1737
364 257
364 340
364 362
364 363
364 485
364 556
364 894
365 366
366 365
367 368
367 369
367 1027
367 1329
367 1330
367 1637
368 367
368 369
368 733
369 367
369 368
370 342
371 372
371 373
371 380
372 371
372 373
372 380
372 700
372 701
372 2150
372 2151
373 371
373 372
374 135
374 289
374 375
374 376
375 135
375 289
375 374
375 376
375 471
375 472
376 121
376 122
376 129
376 130
376 135
376 289
376 374
376 375
376 483
377 378
377 379
377 380
377 381
378 377
378 379
378 380
378 381
379 377
379 378
379 380
379 381
380 371
380 372
380 377
380 378
380 379
380 381
380 504
380 599
380 600
380 646
380 700
380 701
380 736
380 737
380 822
380 823
380 2137
380 2150
380 2151
381 377
381 378
381 379
381 380
382 383
383 382
384 385
385 384
386 387
387 386
388 389
388 390
389 388
389 390
390 388
390 389
391 358
392 212
393 246
393 290
393 394
394 246
394 290
394 393
395 396
395 398
396 395
397 346
398 395
399 259
399 2013
399 2045
399 2046
400 401
400 402
401 400
401 402
402 400
402 401
402 1782
402 1783
402 1784
403 351
404 323
405 208
406 407
406 1724
407 406
407 1744
407 1824
407 1843
407 2291
408 409
408 601
409 408
410 269
411 412
412 411
412 2170
413 414
414 413
415 103
415 416
416 103
416 415
417 418
418 417
419 220
419 420
420 220
420 419
420 1073
421 422
421 1215
421 1216
422 421
423 424
424 423
424 427
424 434
424 446
424 458
424 459
424 461
425 426
426 425
427 424
428 429
429 428
429 435
430 431
430 432
430 468
431 430
431 432
432 430
432 431
432 468
433 434
434 424
434 433
434 442
434 446
434 2016
434 2017
435 429
436 437
436 1764
436 1765
437 436
437 1431
438 439
439 438
440 441
441 440
442 434
442 443
442 444
442 445
443 442
443 444
443 445
444 442
444 443
444 445
444 449
445 442
445 443
445 444
446 424
446 434
447 448
448 447
449 444
450 451
451 450
452 215
452 453
453 215
453 452
453 583
454 455
454 456
455 324
455 454
455 722
455 1199
455 1290
455 1291
455 1292
456 454
457 218
458 424
458 459
458 465
458 466
459 424
459 458
460 461
461 424
461 460
462 110
463 464
464 463
464 467
465 458
465 466
466 458
466 465
467 464
468 430
468 432
468 546
468 578
469 470
470 469
471 133
471 134
471 135
471 375
471 472
471 892
471 904
472 135
472 375
472 471
473 474
473 475
474 473
474 475
475 137
475 473
475 474
476 129
476 477
477 129
477 476
478 479
479 478
480 136
480 137
480 692
481 482
482 481
483 121
483 122
483 129
483 130
483 324
483 376
483 689
483 703
483 722
484 485
484 486
485 364
485 484
485 486
486 484
486 485
487 488
487 489
487 534
488 487
488 489
488 534
489 487
489 488
489 534
490 491
490 1199
490 1438
491 490
491 517
491 518
491 519
491 526
492 493
493 492
494 495
495 494
496 497
497 496
498 499
498 500
498 501
499 238
499 498
499 500
499 501
500 498
500 499
500 501
501 498
501 499
501 500
501 1383
502 503
503 502
504 380
504 505
504 701
504 736
504 737
505 504
506 507
507 506
508 509
508 602
508 603
508 604
508 1050
508 1051
509 508
509 602
509 603
509 604
510 511
510 512
511 510
511 512
512 510
512 511
512 550
512 1104
512 1413
512 1555
513 514
514 513
515 516
516 515
517 491
517 518
517 519
518 491
518 517
518 519
519 491
519 517
519 518
520 521
521 520
522 523
522 531
523 522
523 531
524 525
525 524
526 491
527 528
528 527
529 530
530 529
530 2159
531 522
531 523
531 598
531 609
531 610
532 533
533 532
534 487
534 488
534 489
535 536
536 535
537 538
538 537
539 540
540 539
541 542
542 541
542 591
542 606
543 122
543 137
544 545
545 544
546 468
546 578
547 194
548 549
549 548
550 341
550 512
550 1104
550 1400
550 1413
550 1430
550 1555
551 552
552 551
553 554
553 555
554 553
554 555
555 553
555 554
556 364
556 636
557 558
558 557
559 560
560 559
561 218
562 226
562 563
562 668
563 226
563 562
564 313
564 565
564 613
565 313
565 564
566 219
567 236
568 569
569 568
570 571
570 572
570 605
571 570
571 572
571 680
572 570
572 571
572 616
573 216
574 575
575 574
576 577
577 576
578 468
578 546
579 580
580 579
581 582
582 581
583 453
584 585
585 584
586 587
587 586
588 589
588 590
588 1287
589 588
589 590
590 588
590 589
591 542
592 593
593 592
593 637
594 595
595 594
596 597
596 621
596 622
596 623
596 624
597 596
597 610
598 531
599 380
599 600
600 380
600 599
600 628
601 408
602 218
602 508
602 509
602 603
602 604
602 2127
603 508
603 509
603 602
603 604
603 2000
604 508
604 509
604 602
604 603
605 570
606 542
607 608
608 607
609 531
609 610
610 531
610 597
610 609
611 612
611 1284
612 611
613 564
614 615
615 236
615 614
615 1941
616 572
617 618
617 635
617 638
618 617
619 620
620 619
621 596
621 622
621 623
621 624
622 596
622 621
622 623
622 624
623 596
623 621
623 622
623 624
624 596
624 621
624 622
624 623
625 626
626 625
627 136
628 600
629 630
629 726
629 1008
630 629
631 632
632 631
633 634
633 771
633 1443
634 633
635 617
635 638
635 2156
635 2157
636 556
637 593
638 617
638 635
639 640
640 639
641 249
642 238
642 1184
642 1274
643 108
643 644
644 108
644 643
645 306
645 646
645 1248
645 1347
645 1348
646 306
646 380
646 645
646 1983
646 2137
647 648
647 649
648 647
648 649
648 1792
649 647
649 648
650 651
650 652
651 650
651 652
652 650
652 651
653 654
654 653
655 250
655 656
655 715
655 1372
656 655
657 87
657 658
658 87
658 657
659 660
660 659
660 679
661 662
662 661
662 2113
663 664
664 663
665 666
665 667
666 665
666 667
667 665
667 666
668 226
668 562
669 670
670 669
671 672
672 671
673 674
674 673
675 676
676 675
677 678
677 2103
678 677
678 2103
679 660
680 571
681 682
682 681
683 684
684 683
685 686
686 685
687 688
688 687
689 162
689 324
689 483
689 703
689 722
690 691
690 692
690 693
690 1231
690 2277
691 690
691 692
691 693
692 480
692 690
692 691
692 693
693 690
693 691
693 692
693 725
693 927
693 928
694 695
695 694
696 697
697 696
698 699
699 698
699 749
699 750
699 751
700 372
700 380
700 701
701 372
701 380
701 504
701 700
701 736
701 737
701 2312
702 51
702 307
702 1324
702 1378
703 324
703 483
703 689
704 705
705 704
706 354
706 740
707 708
708 707
709 710
710 709
711 712
712 711
713 714
714 713
715 250
715 655
715 716
715 717
715 718
715 1372
716 715
716 717
716 718
717 715
717 716
717 718
718 715
718 716
718 717
719 4
720 721
721 720
722 324
722 455
722 483
722 689
723 724
724 723
725 693
726 307
726 629
726 1008
727 728
728 727
729 730
729 731
729 732
730 729
730 731
730 732
731 127
731 729
731 730
731 732
731 903
731 913
732 729
732 730
732 731
732 1397
733 368
734 735
735 734
736 380
736 504
736 701
736 737
737 380
737 504
737 701
737 736
738 739
739 738
740 706
741 742
742 741
743 744
744 743
745 746
746 745
747 748
748 747
749 699
749 750
749 751
750 699
750 749
750 751
751 699
751 749
751 750
752 753
753 752
754 755
755 754
755 1401
756 757
756 758
757 756
757 758
758 756
758 757
759 248
759 760
760 248
760 759
761 301
761 302
762 121
762 122
762 137
762 297
763 764
764 763
765 766
766 765
767 768
768 767
769 770
769 839
769 840
770 769
771 633
772 773
773 324
773 772
773 906
773 907
773 908
774 775
775 774
776 777
776 788
776 789
777 776
778 779
778 780
778 784
778 785
779 778
779 780
780 778
780 779
781 782
781 783
782 781
782 783
783 781
783 782
784 778
784 785
785 778
785 784
786 787
787 786
788 776
788 789
789 776
789 788
790 791
790 792
790 824
791 790
791 792
791 829
791 852
791 1069
792 790
792 791
792 824
792 1066
792 1067
793 794
793 795
793 833
794 793
794 795
794 1093
794 1110
794 1112
795 793
795 794
796 797
797 796
798 799
798 800
799 798
799 800
800 798
800 799
800 1022
800 1023
800 1024
800 1049
801 802
801 803
802 801
802 803
803 801
803 802
803 835
804 805
805 804
805 1068
806 807
806 821
807 806
807 821
808 809
809 808
809 1056
809 1108
810 811
811 810
812 813
813 812
814 815
814 834
815 814
816 817
817 816
818 2
818 819
818 820
819 2
819 818
819 820
820 2
820 818
820 819
820 846
820 847
821 806
821 807
821 827
821 828
822 380
822 823
823 380
823 822
824 790
824 792
825 826
826 825
827 821
827 828
828 821
828 827
829 791
829 830
829 848
829 849
829 850
829 851
829 1069
830 829
831 832
832 831
832 1030
832 1031
832 1032
832 1033
832 1034
833 793
834 814
835 803
835 841
836 837
836 838
837 836
837 838
838 836
838 837
839 769
839 840
840 769
840 839
841 835
842 843
842 844
842 845
843 842
843 844
843 845
843 1102
843 1103
843 1111
844 842
844 843
844 845
844 853
844 1075
844 1076
845 842
845 843
845 844
846 2
846 820
846 847
847 2
847 820
847 846
848 829
848 849
848 850
848 851
849 829
849 848
849 850
849 851
849 1077
850 829
850 848
850 849
850 851
851 829
851 848
851 849
851 850
852 791
853 844
853 854
853 1075
853 1076
854 853
855 856
856 855
856 1872
856 1873
856 1874
857 858
858 857
858 886
859 123
859 124
859 126
860 861
860 862
860 1442
861 860
861 862
862 860
862 861
863 864
863 865
864 863
864 865
865 863
865 864
865 986
865 1178
865 1268
865 2114
866 867
866 868
866 918
866 1063
866 1064
866 1099
866 1408
866 1411
866 1412
866 1413
866 1414
867 866
867 868
867 877
867 878
868 866
868 867
868 1533
869 870
869 1261
870 869
871 872
872 871
872 1114
872 1115
872 1181
872 1311
873 874
874 873
875 876
876 875
877 867
877 878
878 867
878 877
879 880
880 879
881 127
881 128
882 883
882 884
883 882
883 884
884 882
884 883
885 313
886 858
886 1160
886 1161
886 1162
886 1199
886 1279
887 124
887 125
887 362
887 1048
888 889
889 888
890 891
891 890
892 133
892 134
892 135
892 242
892 243
892 471
892 893
892 904
892 905
893 242
893 243
893 892
894 364
895 896
896 895
897 898
898 897
899 900
899 901
899 1138
900 899
900 901
901 899
901 900
902 51
903 127
903 731
904 133
904 134
904 135
904 471
904 892
905 242
905 892
905 1199
906 324
906 773
906 907
906 908
907 324
907 773
907 906
907 908
908 324
908 773
908 906
908 907
909 910
910 909
910 929
910 2160
911 162
911 912
912 162
912 911
912 1035
913 731
913 932
913 933
914 915
915 914
916 917
917 916
918 866
918 919
918 920
918 1411
918 1412
918 1413
918 1414
918 1444
918 1445
919 918
919 920
920 918
920 919
920 1176
920 1177
920 1267
921 172
921 922
921 1005
921 1142
921 1143
921 1705
921 1706
921 1707
921 1708
921 1768
921 1813
921 1814
922 921
923 924
924 923
925 926
925 1114
925 1311
925 1334
925 1462
926 925
926 1439
926 1825
926 1989
927 693
927 928
927 1113
927 1114
927 1199
927 1331
927 1349
927 1400
927 1403
928 693
928 927
929 910
929 1129
929 1184
930 931
931 930
932 913
932 933
933 913
933 932
934 935
935 934
936 937
937 936
938 939
939 938
940 941
941 940
942 943
943 942
944 945
944 946
945 140
945 141
945 142
945 143
945 944
945 946
945 974
946 944
946 945
947 948
947 963
947 975
948 947
948 964
948 2176
948 2177
949 142
949 950
949 951
950 142
950 949
950 951
951 142
951 949
951 950
952 953
952 2203
953 952
954 955
955 954
956 957
957 956
958 959
959 958
960 140
960 142
960 961
960 962
960 2207
961 140
961 142
961 960
961 962
962 140
962 142
962 960
962 961
963 947
964 948
965 966
966 965
967 968
968 967
969 970
969 971
970 969
970 971
971 969
971 970
972 973
973 972
974 140
974 141
974 142
974 143
974 945
974 2191
975 947
976 977
977 976
977 978
977 979
977 980
978 977
978 979
978 980
978 2315
979 977
979 978
979 980
980 977
980 978
980 979
981 982
982 981
983 984
984 983
984 1937
984 1938
985 986
986 865
986 985
986 1268
986 1409
986 2114
987 988
987 989
988 987
988 989
989 987
989 988
989 1011
990 991
991 990
992 338
993 994
993 2027
993 2097
994 993
994 1336
994 1337
994 1338
995 289
995 1556
996 997
997 996
998 999
999 998
1000 1001
1001 1000
1002 1003
1003 1002
1004 137
1004 235
1004 1029
1005 921
1006 1007
1007 1006
1007 1191
1007 1237
1008 629
1008 726
1009 1010
1010 1009
1011 989
1012 1013
1013 1012
1014 64
1015 1016
1016 1015
1017 1018
1017 1019
1018 1017
1018 1019
1019 1017
1019 1018
1020 1021
1021 1020
1022 800
1022 1023
1022 1024
1022 1025
1022 1049
1023 800
1023 1022
1023 1024
1023 1025
1023 1049
1024 800
1024 1022
1024 1023
1024 1025
1024 1037
1024 1043
1024 1049
1024 1065
1025 1022
1025 1023
1025 1024
1026 124
1026 125
1027 367
1027 1028
1027 1754
1028 1027
1029 137
1029 235
1029 1004
1029 2300
1029 2301
1030 832
1030 1031
1030 1032
1031 832
1031 1030
1031 1032
1032 832
1032 1030
1032 1031
1033 832
1033 1034
1034 832
1034 1033
1034 1041
1034 1042
1035 912
1036 1037
1037 1024
1037 1036
1037 1065
1038 1039
1038 1040
1039 1038
1039 1040
1040 1038
1040 1039
1041 1034
1041 1042
1042 1034
1042 1041
1043 1024
1044 1045
1044 1188
1044 1189
1045 1044
1046 1047
1047 1046
1048 124
1048 125
1048 887
1049 800
1049 1022
1049 1023
1049 1024
1050 508
1050 1051
1051 508
1051 1050
1052 1053
1053 1052
1054 1055
1055 1054
1056 809
1057 15
1057 1058
1058 15
1058 1057
1059 1060
1060 1059
1061 1062
1062 1061
1063 866
1063 1064
1064 866
1064 1063
1065 1024
1065 1037
1065 1228
1065 1293
1066 792
1066 1067
1067 792
1067 1066
1068 805
1068 1130
1068 1131
1069 135
1069 791
1069 829
1069 1987
1069 1988
1070 1071
1071 1070
1072 140
1072 2178
1073 420
1074 1075
1074 1076
1074 1086
1075 844
1075 853
1075 1074
1075 1076
1075 1086
1075 1104
1075 1555
1075 1556
1075 1557
1076 844
1076 853
1076 1074
1076 1075
1076 1086
1076 1104
1077 849
1078 1079
1079 1078
1079 1099
1079 1100
1079 1101
1080 1081
1081 1080
1082 1083
1083 1082
1084 1085
1085 1084
1086 306
1086 1074
1086 1075
1086 1076
1086 1104
1086 1881
1086 1967
1087 1088
1088 1087
1089 22
1090 1091
1091 1090
1092 1093
1093 794
1093 1092
1093 1110
1093 1112
1094 1095
1094 1096
1095 1094
1095 1096
1096 1094
1096 1095
1097 1098
1098 1097
1099 866
1099 1079
1099 1100
1099 1101
1100 1079
1100 1099
1100 1101
1101 1079
1101 1099
1101 1100
1101 1476
1102 843
1102 1103
1103 843
1103 1102
1104 512
1104 550
1104 1075
1104 1076
1104 1086
1104 1400
1104 1413
1104 1555
1105 1106
1105 1107
1106 1105
1106 1107
1107 1105
1107 1106
1108 809
1109 1110
1110 794
1110 1093
1110 1109
1110 1112
1111 843
1112 794
1112 1093
1112 1110
1113 927
1113 1114
1113 1115
1113 1181
1113 1311
1113 1403
1114 872
1114 925
1114 927
1114 1113
1114 1115
1114 1182
1114 1183
1114 1311
1114 1322
1114 1325
1114 1334
1114 1403
1114 1429
1114 1462
1115 872
1115 1113
1115 1114
1115 1311
1116 1117
1117 1116
1118 1119
1118 1120
1119 1118
1119 1120
1120 1118
1120 1119
1121 1122
1122 1121
1123 1124
1124 1123
1125 1126
1125 1149
1126 1125
1126 1149
1126 1150
1126 1151
1127 1128
1128 1127
1129 929
1130 1068
1130 1131
1131 1068
1131 1130
1132 1133
1132 1148
1132 1275
1132 1276
1133 1132
1134 1135
1135 1134
1135 1157
1136 1137
1136 1542
1137 1136
1138 899
1138 1141
1139 1140
1139 1344
1140 1139
1140 1416
1141 1138
1142 921
1142 1143
1143 921
1143 1142
1144 1145
1145 1144
1146 363
1146 1147
1146 1345
1146 1547
1147 363
1147 1146
1147 1345
1148 1132
1149 1125
1149 1126
1149 1150
1149 1151
1150 1126
1150 1149
1150 1151
1151 1126
1151 1149
1151 1150
1152 1153
1153 1152
1154 1155
1154 1156
1155 1154
1155 1156
1156 1154
1156 1155
1157 1135
1158 1159
1159 1158
1160 886
1160 1161
1160 1162
1160 1163
1160 1164
1160 1199
1160 1279
1160 1460
1161 886
1161 1160
1161 1162
1161 1163
1161 1164
1161 1199
1161 1279
1161 1506
1162 886
1162 1160
1162 1161
1162 1163
1162 1164
1162 1199
1162 1279
1163 1160
1163 1161
1163 1162
1163 1164
1164 1160
1164 1161
1164 1162
1164 1163
1165 1166
1165 1167
1165 1168
1165 1407
1166 1165
1166 1167
1166 1168
1167 1165
1167 1166
1167 1168
1167 1439
1168 1165
1168 1166
1168 1167
1168 1410
1169 1170
1169 1785
1170 1169
1171 306
1172 1173
1173 1172
1173 1503
1173 1522
1174 1175
1175 1174
1175 1368
1176 920
1176 1177
1176 1215
1176 1267
1177 920
1177 1176
1177 1215
1177 1267
1178 865
1179 1180
1180 1179
1181 266
1181 872
1181 1113
1181 1182
1181 1183
1181 1278
1181 1311
1181 1349
1181 1403
1182 1114
1182 1181
1182 1183
1182 1322
1183 1114
1183 1181
1183 1182
1183 1322
1183 1325
1183 1432
1183 1538
1183 1539
1184 642
1184 929
1184 1185
1184 1274
1185 1184
1186 1187
1187 1186
1188 1044
1188 1189
1188 1217
1188 1247
1189 1044
1189 1188
1189 1217
1189 1247
1190 1191
1191 1007
1191 1190
1191 1237
1192 1193
1193 1192
1193 1268
1194 1195
1195 1194
1196 1197
1197 1196
1198 1199
1198 1241
1199 455
1199 490
1199 886
1199 905
1199 927
1199 1160
1199 1161
1199 1162
1199 1198
1199 1241
1199 1279
1199 1280
1199 1281
1199 1290
1199 1291
1199 1292
1199 1372
1199 1373
1199 1406
1199 1425
1200 1201
1201 1200
1201 1268
1202 1203
1202 1204
1202 1205
1203 1202
1203 1204
1203 1205
1203 1335
1204 202
1204 1202
1204 1203
1204 1205
1205 1202
1205 1203
1205 1204
1206 1207
1206 1208
1207 1206
1207 1208
1207 1361
1207 1387
1208 1206
1208 1207
1209 1210
1210 1209
1210 1224
1210 1331
1210 1346
1211 1212
1211 1352
1212 1211
1213 1214
1214 1213
1215 421
1215 1176
1215 1177
1215 1216
1216 421
1216 1215
1216 1316
1217 1188
1217 1189
1217 1246
1217 1247
1217 1248
1217 1374
1218 1219
1218 1310
1219 1218
1219 1310
1220 1221
1221 1220
1221 1248
1221 1347
1222 1223
1222 1254
1223 1222
1224 1210
1224 1225
1224 1248
1224 1323
1224 1331
1224 1346
1224 1360
1224 1368
1225 1224
1225 1248
1226 1227
1226 1228
1226 1459
1227 1226
1227 1228
1228 1065
1228 1226
1228 1227
1228 1293
1228 1451
1228 1452
1228 1453
1228 1456
1228 1459
1228 1461
1229 1230
1230 1229
1231 690
1232 363
1232 1381
1233 1234
1234 1233
1234 1297
1235 1236
1236 322
1236 1235
1236 1318
1237 1007
1237 1191
1238 1239
1239 1238
1240 1241
1241 1198
1241 1199
1241 1240
1242 1243
1243 1242
1244 1245
1245 1244
1246 1217
1246 1247
1247 1188
1247 1189
1247 1217
1247 1246
1248 645
1248 1217
1248 1221
1248 1224
1248 1225
1248 1249
1248 1323
1248 1347
1248 1348
1249 1248
1250 1251
1250 1285
1251 1250
1251 1317
1252 1253
1253 1252
1254 1222
1254 1255
1255 1254
1256 306
1257 1258
1257 1367
1258 1257
1258 1366
1258 1367
1258 1369
1259 1260
1259 1261
1260 1259
1260 1261
1261 869
1261 1259
1261 1260
1262 1263
1262 1428
1262 1571
1263 1262
1264 1265
1265 1264
1266 1267
1267 920
1267 1176
1267 1177
1267 1266
1267 1301
1268 865
1268 986
1268 1193
1268 1201
1268 2114
1269 1270
1269 1271
1270 1269
1270 1271
1270 1340
1271 1269
1271 1270
1272 1273
1273 1272
1274 642
1274 1184
1275 1132
1275 1276
1276 1132
1276 1275
1277 1278
1278 1181
1278 1277
1278 1349
1278 1353
1279 886
1279 1160
1279 1161
1279 1162
1279 1199
1279 1280
1279 1281
1279 1406
1279 1423
1279 2185
1280 1199
1280 1279
1280 1281
1280 1465
1280 1466
1281 1199
1281 1279
1281 1280
1281 1582
1281 1583
1281 1663
1282 1283
1283 1282
1284 611
1285 1250
1286 1287
1287 588
1287 1286
1287 1328
1288 1289
1289 1288
1289 1402
1290 455
1290 1199
1290 1291
1290 1292
1291 455
1291 1199
1291 1290
1291 1292
1292 455
1292 1199
1292 1290
1292 1291
1293 1065
1293 1228
1294 322
1294 1295
1295 322
1295 1294
1296 1297
1296 1298
1297 1234
1297 1296
1297 1298
1298 1296
1298 1297
1299 1300
1300 322
1300 1299
1300 1304
1300 1305
1300 1339
1300 1356
1301 1267
1302 1303
1303 1302
1304 1300
1304 1305
1304 1468
1305 322
1305 1300
1305 1304
1306 1307
1307 1306
1308 1309
1309 1308
1310 1218
1310 1219
1311 872
1311 925
1311 1113
1311 1114
1311 1115
1311 1181
1311 1334
1311 1403
1311 1462
1312 1313
1313 1312
1314 1315
1315 1314
1316 1216
1317 1251
1318 1236
1319 1320
1319 1321
1320 1319
1320 1321
1321 1319
1321 1320
1322 1114
1322 1182
1322 1183
1323 1224
1323 1248
1324 307
1324 702
1325 1114
1325 1183
1325 1429
1326 1327
1327 1326
1328 1287
1329 367
1329 1330
1330 367
1330 1329
1331 927
1331 1210
1331 1224
1331 1332
1331 1346
1331 1389
1331 1433
1331 1434
1332 1331
1332 1389
1333 1334
1334 925
1334 1114
1334 1311
1334 1333
1334 1462
1335 1203
1336 994
1336 1337
1336 1338
1336 1371
1337 994
1337 1336
1337 1338
1337 1371
1338 994
1338 1336
1338 1337
1338 1371
1339 1300
1339 1356
1339 1606
1340 1270
1341 322
1342 1343
1342 1370
1343 1342
1344 1139
1345 1146
1345 1147
1346 1210
1346 1224
1346 1331
1347 645
1347 1221
1347 1248
1347 1348
1348 645
1348 1248
1348 1347
1348 1350
1348 1351
1349 927
1349 1181
1349 1278
1349 1400
1350 1348
1350 1351
1351 1348
1351 1350
1352 1211
1353 1278
1354 1355
1355 1354
1356 1300
1356 1339
1357 1358
1358 1357
1359 1360
1360 1224
1360 1359
1360 1368
1361 1207
1361 1387
1362 1363
1363 1362
1364 1365
1364 1467
1365 1364
1365 1385
1366 1258
1366 1367
1367 1257
1367 1258
1367 1366
1368 1175
1368 1224
1368 1360
1369 1258
1370 1342
1371 1336
1371 1337
1371 1338
1372 250
1372 655
1372 715
1372 1199
1372 1373
1372 1386
1373 1199
1373 1372
1374 1217
1375 1376
1376 1375
1377 1378
1378 702
1378 1377
1379 1380
1380 1379
1380 1382
1381 1232
1382 1380
1383 501
1383 1384
1384 1383
1385 1365
1386 1372
1387 1207
1387 1361
1388 240
1389 1331
1389 1332
1390 1391
1391 1390
1392 176
1393 1394
1394 1393
1395 1396
1396 1395
1397 732
1398 1399
1399 1398
1400 550
1400 927
1400 1104
1400 1349
1400 1413
1400 1555
1401 755
1402 1289
1403 927
1403 1113
1403 1114
1403 1181
1403 1311
1404 1405
1405 1404
1406 1199
1406 1279
1407 1165
1408 866
1409 986
1410 1168
1411 866
1411 918
1411 1412
1411 1413
1411 1414
1411 1415
1412 866
1412 918
1412 1411
1412 1413
1412 1414
1412 1415
1413 512
1413 550
1413 866
1413 918
1413 1104
1413 1400
1413 1411
1413 1412
1413 1414
1413 1555
1414 866
1414 918
1414 1411
1414 1412
1414 1413
1414 1415
1415 1411
1415 1412
1415 1414
1416 236
1416 1140
1417 1418
1418 1417
1419 1420
1420 1419
1421 1422
1422 1421
1423 1279
1424 1425
1425 1199
1425 1424
1426 1427
1427 1426
1428 1262
1429 1114
1429 1325
1430 550
1430 1473
1431 437
1432 73
1432 354
1432 1183
1432 1720
1432 1878
1432 2095
1432 2096
1433 1331
1433 1434
1433 1560
1434 1331
1434 1433
1435 1436
1436 1435
1437 1438
1438 490
1438 1437
1439 926
1439 1167
1439 1825
1439 1989
1440 1441
1441 1440
1442 860
1443 633
1443 1446
1444 918
1444 1445
1444 1657
1444 1658
1445 918
1445 1444
1446 1443
1447 1448
1448 1447
1448 1561
1449 1450
1449 1451
1450 1449
1450 1451
1451 1228
1451 1449
1451 1450
1451 1453
1451 1456
1452 1228
1452 1453
1453 1228
1453 1451
1453 1452
1453 1456
1454 1455
1455 1454
1456 1228
1456 1451
1456 1453
1457 1458
1458 1457
1459 1226
1459 1228
1460 1160
1461 1228
1462 925
1462 1114
1462 1311
1462 1334
1463 1464
1464 1463
1464 1958
1465 1280
1465 1466
1466 1280
1466 1465
1467 1364
1468 1304
1469 1470
1470 1469
1471 1472
1472 1471
1473 1430
1474 1475
1475 1474
1476 1101
1477 1478
1477 1479
1478 1477
1478 1479
1479 1477
1479 1478
1480 1481
1480 1482
1480 1483
1481 1480
1481 1482
1481 1483
1481 1507
1482 1480
1482 1481
1482 1483
1483 1480
1483 1481
1483 1482
1484 1485
1485 1484
1486 1487
1486 1488
1487 1486
1487 1488
1488 1486
1488 1487
1488 2249
1489 1490
1490 1489
1490 2324
1490 2325
1491 1492
1492 1491
1493 1494
1494 1493
1495 1496
1496 1495
1496 2175
1496 2181
1496 2182
1496 2210
1496 2211
1496 2232
1497 1498
1498 1497
1499 1500
1500 1499
1500 2293
1501 1502
1502 1501
1502 1516
1503 1173
1503 1504
1504 1503
1505 1506
1506 1161
1506 1505
1506 1508
1507 1481
1508 1506
1508 1509
1508 1510
1508 2284
1509 1508
1509 1510
1509 2282
1509 2283
1509 2319
1510 1508
1510 1509
1511 1512
1512 1511
1512 2288
1513 1514
1514 1513
1515 236
1515 2296
1516 1502
1517 1518
1517 1519
1518 1517
1518 1519
1519 1517
1519 1518
1520 1521
1521 1520
1522 1173
1523 1524
1524 1523
1525 1526
1526 1525
1526 2014
1526 2015
1526 2063
1526 2064
1526 2065
1526 2066
1527 1528
1528 1527
1529 1530
1529 1531
1529 1541
1530 1529
1530 1531
1531 1529
1531 1530
1531 1532
1531 1533
1532 1531
1532 1533
1532 1534
1532 1535
1533 868
1533 1531
1533 1532
1534 1532
1534 1535
1535 1532
1535 1534
1536 1537
1537 1536
1538 1183
1538 1539
1539 1183
1539 1538
1540 288
1541 1529
1542 1136
1543 1544
1544 1543
1545 1546
1546 1545
1547 1146
1548 1549
1548 1550
1549 1548
1549 1550
1550 1548
1550 1549
1551 1552
1552 1551
1552 1557
1553 1554
1554 1553
1555 512
1555 550
1555 1075
1555 1104
1555 1400
1555 1413
1555 1556
1555 1557
1556 995
1556 1075
1556 1555
1556 1557
1557 1075
1557 1552
1557 1555
1557 1556
1558 1559
1559 1558
1560 1433
1561 1448
1561 1990
1561 2006
1562 1563
1562 1564
1563 1562
1563 1564
1564 1562
1564 1563
1565 1566
1566 1565
1567 354
1567 1568
1568 354
1568 1567
1569 1570
1570 212
1570 1569
1570 1795
1570 1982
1571 1262
1572 1573
1572 1574
1573 1572
1573 1574
1574 1572
1574 1573
1575 1576
1575 1577
1576 1575
1576 1577
1577 1575
1577 1576
1578 1579
1578 1580
1578 1581
1578 1729
1578 1730
1579 1578
1579 1580
1579 1581
1580 1578
1580 1579
1580 1581
1581 1578
1581 1579
1581 1580
1581 1603
1582 1281
1582 1583
1582 1663
1583 1281
1583 1582
1583 1709
1583 1877
1584 1585
1585 1584
1585 1587
1585 1627
1585 1628
1586 1587
1587 1585
1587 1586
1588 1589
1588 1594
1589 1588
1589 1950
1589 1951
1590 252
1590 1591
1591 252
1591 1590
1592 1593
1592 1669
1593 1592
1593 1669
1593 1920
1594 1588
1595 1596
1595 1766
1595 1767
1595 1768
1595 2044
1596 1595
1596 1766
1596 1767
1596 1768
1597 1598
1597 2052
1598 1597
1598 1862
1598 1863
1598 2052
1599 1600
1599 1601
1599 1602
1599 1616
1600 1599
1600 1601
1600 1602
1601 1599
1601 1600
1601 1602
1602 1599
1602 1600
1602 1601
1603 1581
1604 1605
1605 1604
1605 1914
1605 1915
1605 1916
1606 1339
1606 1758
1606 1759
1607 1608
1608 1607
1609 1610
1609 1900
1610 1609
1610 1900
1611 1612
1612 1611
1612 1654
1613 60
1614 1615
1615 1614
1616 1599
1616 1658
1616 1665
1617 87
1617 1618
1617 1664
1617 1710
1617 1829
1618 1617
1619 1620
1620 1619
1621 1622
1622 317
1622 1621
1622 1976
1623 1624
1623 1952
1624 1623
1625 1626
1626 1625
1626 2270
1627 1585
1627 1628
1628 1585
1628 1627
1629 1630
1630 1629
1631 71
1631 1632
1631 1796
1632 71
1632 1631
1633 1634
1634 1633
1634 1648
1635 1636
1635 2089
1635 2090
1636 322
1636 1635
1637 367
1637 1638
1638 1637
1639 1640
1640 1639
1641 1642
1642 1641
1642 1900
1643 1644
1644 1643
1645 58
1645 1889
1645 1890
1645 1891
1646 1647
1647 1646
1648 1634
1648 1729
1648 1780
1648 1781
1649 1650
1650 1649
1650 1750
1651 232
1651 265
1652 1653
1653 1652
1653 1757
1654 1612
1655 1656
1655 2085
1656 1655
1656 2085
1657 1444
1657 1658
1658 1444
1658 1616
1658 1657
1659 1660
1660 1659
1661 1662
1662 1661
1663 1281
1663 1582
1664 1617
1665 1616
1665 1681
1665 1682
1665 1683
1665 1684
1665 1812
1666 1667
1666 1668
1667 1666
1667 1668
1668 1666
1668 1667
1669 1592
1669 1593
1670 1671
1671 1670
1672 1673
1672 1897
1673 1672
1673 1897
1674 1675
1674 1676
1675 1674
1675 1676
1675 1919
1676 1674
1676 1675
1676 1919
1676 1955
1677 1678
1678 1677
1679 1680
1680 1679
1681 1665
1681 1682
1681 1683
1681 1684
1682 1665
1682 1681
1682 1683
1682 1684
1683 1665
1683 1681
1683 1682
1683 1684
1683 1698
1683 1699
1683 1703
1683 1800
1683 1801
1683 1802
1683 1949
1683 1977
1683 1978
1683 2091
1684 1665
1684 1681
1684 1682
1684 1683
1684 1979
1685 1686
1686 1685
1686 1809
1687 1688
1687 1689
1687 1690
1688 1687
1688 1689
1688 1690
1689 1687
1689 1688
1689 1690
1690 1687
1690 1688
1690 1689
1691 218
1692 1693
1693 1692
1694 1695
1695 1694
1696 1697
1697 1696
1698 1683
1698 1699
1698 1800
1698 2091
1699 1683
1699 1698
1700 1701
1700 1702
1701 1700
1701 1702
1702 1700
1702 1701
1703 1683
1703 1704
1703 1949
1703 1959
1703 1965
1703 1966
1703 1977
1703 1978
1703 2086
1704 1703
1705 921
1705 1706
1705 1707
1705 1708
1706 921
1706 1705
1706 1707
1706 1708
1707 921
1707 1705
1707 1706
1707 1708
1708 921
1708 1705
1708 1706
1708 1707
1709 236
1709 1583
1709 1877
1710 87
1710 1617
1710 1711
1710 1712
1711 1710
1711 1712
1712 1710
1712 1711
1713 1714
1713 1715
1714 1713
1714 1715
1714 1833
1715 1713
1715 1714
1715 1869
1716 116
1716 1717
1717 116
1717 1716
1717 1736
1718 1719
1719 1718
1720 1432
1721 1722
1722 1721
1722 2030
1723 1724
1724 406
1724 1723
1725 1726
1726 1725
1727 1728
1728 1727
1728 1758
1729 1578
1729 1648
1729 1730
1729 1780
1729 1781
1730 1578
1730 1729
1731 239
1731 1732
1731 1733
1731 1734
1731 1735
1732 239
1732 1731
1732 1733
1732 1734
1732 1735
1733 239
1733 1731
1733 1732
1733 1734
1733 1735
1734 239
1734 1731
1734 1732
1734 1733
1734 1735
1735 239
1735 1731
1735 1732
1735 1733
1735 1734
1736 116
1736 1717
1737 354
1737 363
1737 2018
1738 1739
1739 1738
1740 236
1740 1741
1741 236
1741 1740
1742 1743
1743 1742
1744 407
1745 1746
1746 1745
1747 1748
1748 1747
1749 1750
1749 1751
1750 1650
1750 1749
1750 1751
1751 1749
1751 1750
1752 1753
1753 1752
1754 1027
1755 1756
1756 1755
1757 1653
1758 1606
1758 1728
1758 1759
1759 1606
1759 1758
1760 1761
1761 1760
1761 1864
1761 1865
1762 1763
1763 1762
1764 436
1764 1765
1765 436
1765 1764
1766 1595
1766 1596
1766 1767
1766 1768
1767 1595
1767 1596
1767 1766
1767 1768
1767 2039
1767 2040
1768 172
1768 921
1768 1595
1768 1596
1768 1766
1768 1767
1769 1770
1770 1769
1771 1772
1772 1771
1773 1774
1773 2158
1774 1773
1775 1776
1776 1775
1777 259
1778 1779
1779 1778
1780 1648
1780 1729
1780 1781
1781 1648
1781 1729
1781 1780
1782 402
1782 1783
1782 1784
1782 1810
1783 402
1783 1782
1783 1784
1783 1810
1784 402
1784 1782
1784 1783
1784 1810
1785 1169
1786 1787
1786 2109
1787 1786
1788 1789
1788 1790
1788 1791
1789 1788
1789 1790
1789 1791
1790 1788
1790 1789
1790 1791
1791 1788
1791 1789
1791 1790
1792 648
1792 1848
1792 1849
1793 1794
1794 1793
1795 212
1795 1570
1795 2198
1796 1631
1796 2062
1797 1798
1797 1799
1798 1797
1798 1799
1799 1797
1799 1798
1800 1683
1800 1698
1800 1801
1800 1802
1800 2091
1801 1683
1801 1800
1801 1802
1802 1683
1802 1800
1802 1801
1803 1804
1803 1936
1804 1803
1805 1806
1806 1805
1807 1808
1808 1807
1809 1686
1810 1782
1810 1783
1810 1784
1811 1812
1812 1665
1812 1811
1813 921
1813 1814
1814 921
1814 1813
1815 1816
1815 1817
1815 2021
1816 1815
1816 1817
1816 2050
1817 1815
1817 1816
1818 1819
1818 1906
1819 1818
1820 1821
1821 1820
1822 1823
1823 1822
1824 407
1825 926
1825 1439
1825 1826
1825 1989
1826 1825
1827 1828
1828 1827
1828 1851
1828 1986
1829 1617
1830 1831
1830 1832
1830 1929
1831 57
1831 1830
1831 1832
1832 1830
1832 1831
1832 1929
1833 1714
1834 1835
1835 1834
1836 1837
1837 1836
1837 1859
1838 1839
1839 1838
1840 1841
1841 1840
1842 1843
1843 407
1843 1842
1844 1845
1845 1844
1846 1847
1847 1846
1848 1792
1848 1849
1849 1792
1849 1848
1850 1851
1851 1828
1851 1850
1851 1986
1852 1853
1852 1854
1852 1855
1853 1852
1853 1854
1853 1855
1854 1852
1854 1853
1854 1855
1855 1852
1855 1853
1855 1854
1856 1857
1857 1856
1858 1859
1859 1837
1859 1858
1860 1861
1860 1896
1861 1860
1861 1896
1861 1942
1861 1943
1862 1598
1862 1863
1863 1598
1863 1862
1864 1761
1864 1865
1865 1761
1865 1864
1866 1867
1866 1868
1867 1866
1867 1868
1868 1866
1868 1867
1869 1715
1870 1871
1871 1870
1872 856
1872 1873
1872 1874
1873 856
1873 1872
1873 1874
1874 856
1874 1872
1874 1873
1875 1876
1876 1875
1877 1583
1877 1709
1878 354
1878 1432
1879 1880
1880 1879
1881 306
1881 1086
1881 1882
1881 1967
1882 1881
1882 1917
1882 1918
1882 1947
1882 1963
1882 1964
1883 1884
1884 1883
1884 2055
1884 2056
1885 1886
1886 1885
1886 2016
1887 1888
1888 1887
1889 1645
1889 1890
1889 1891
1890 1645
1890 1889
1890 1891
1891 1645
1891 1889
1891 1890
1892 1893
1893 1892
1894 1895
1895 1894
1896 1860
1896 1861
1897 1672
1897 1673
1898 1899
1899 1898
1900 1609
1900 1610
1900 1642
1901 1902
1902 1901
1902 2049
1903 1904
1903 1905
1904 1903
1904 1905
1905 1903
1905 1904
1906 1818
1907 1908
1908 1907
1909 130
1909 1910
1909 1911
1910 1909
1910 1911
1911 130
1911 1909
1911 1910
1912 1913
1913 1912
1914 1605
1914 1915
1914 1916
1915 1605
1915 1914
1915 1916
1916 1605
1916 1914
1916 1915
1917 1882
1917 1918
1918 1882
1918 1917
1919 1675
1919 1676
1920 1593
1921 1922
1922 1921
1923 1924
1923 1925
1924 1923
1924 1925
1925 1923
1925 1924
1926 1927
1927 1926
1928 1929
1928 1930
1929 1830
1929 1832
1929 1928
1929 1930
1929 2010
1929 2011
1930 1928
1930 1929
1931 1932
1931 1933
1932 1931
1932 1933
1933 1931
1933 1932
1933 2169
1933 2170
1934 1935
1935 1934
1936 1803
1937 984
1937 1938
1938 984
1938 1937
1938 2082
1938 2083
1938 2084
1939 1940
1940 1939
1941 236
1941 615
1942 1861
1942 1943
1943 1861
1943 1942
1944 1945
1945 1944
1946 251
1946 1947
1946 1948
1946 1949
1947 1882
1947 1946
1947 1948
1947 1949
1947 1963
1947 1964
1948 1946
1948 1947
1948 1949
1949 251
1949 1683
1949 1703
1949 1946
1949 1947
1949 1948
1949 1977
1949 1978
1949 2038
1950 1589
1950 1951
1951 1589
1951 1950
1952 1623
1952 2007
1953 1954
1954 1953
1955 1676
1956 1957
1957 1956
1958 1464
1959 1703
1959 1960
1959 1965
1959 1966
1960 1959
1961 1962
1962 1961
1963 1882
1963 1947
1963 1964
1964 1882
1964 1947
1964 1963
1965 1703
1965 1959
1965 1966
1966 1703
1966 1959
1966 1965
1967 306
1967 1086
1967 1881
1968 1969
1968 1970
1968 2043
1969 1968
1969 1970
1969 2043
1970 1968
1970 1969
1971 1972
1972 1971
1973 1974
1974 1973
1975 86
1975 87
1976 317
1976 1622
1977 1683
1977 1703
1977 1949
1977 1978
1978 1683
1978 1703
1978 1949
1978 1977
1979 1684
1980 1981
1981 1980
1982 1570
1982 2218
1983 646
1984 1985
1985 1984
1986 1828
1986 1851
1987 135
1987 1069
1987 1988
1988 135
1988 1069
1988 1987
1989 926
1989 1439
1989 1825
1990 1561
1990 1991
1990 2006
1990 2051
1990 2061
1991 1990
1992 166
1992 1993
1993 166
1993 1992
1994 1995
1994 1996
1994 1997
1995 1994
1995 1996
1995 1997
1996 1994
1996 1995
1996 1997
1997 1994
1997 1995
1997 1996
1998 1999
1999 1998
2000 603
2001 2002
2002 2001
2003 2004
2004 2003
2005 2006
2006 1561
2006 1990
2006 2005
2007 1952
2008 2009
2009 2008
2010 1929
2010 2011
2011 1929
2011 2010
2012 2013
2013 399
2013 2012
2013 2045
2013 2046
2014 1526
2014 2015
2014 2063
2014 2064
2014 2065
2014 2066
2015 1526
2015 2014
2015 2063
2015 2064
2015 2065
2015 2066
2016 434
2016 1886
2016 2017
2017 434
2017 2016
2018 354
2018 1737
2019 2020
2020 2019
2021 1815
2022 249
2022 2023
2023 249
2023 2022
2024 77
2025 2026
2026 2025
2027 993
2028 2029
2029 2028
2030 1722
2031 2032
2031 2033
2032 2031
2032 2033
2033 2031
2033 2032
2034 2035
2035 2034
2036 2037
2037 2036
2038 1949
2039 1767
2039 2040
2040 1767
2040 2039
2041 2042
2042 2041
2043 1968
2043 1969
2044 1595
2045 399
2045 2013
2045 2046
2046 399
2046 2013
2046 2045
2047 2048
2048 2047
2049 1902
2050 1816
2051 1990
2051 2061
2052 1597
2052 1598
2053 2054
2054 2053
2055 1884
2055 2056
2056 1884
2056 2055
2057 2058
2058 2057
2059 2060
2060 2059
2061 1990
2061 2051
2062 1796
2063 1526
2063 2014
2063 2015
2063 2064
2063 2065
2063 2066
2064 1526
2064 2014
2064 2015
2064 2063
2064 2065
2064 2066
2065 1526
2065 2014
2065 2015
2065 2063
2065 2064
2065 2066
2066 1526
2066 2014
2066 2015
2066 2063
2066 2064
2066 2065
2067 2068
2068 2067
2069 2070
2070 2069
2070 2100
2071 2072
2072 2071
2073 2074
2073 2075
2073 2105
2074 2073
2074 2075
2075 2073
2075 2074
2076 2077
2077 2076
2078 2079
2079 2078
2080 2081
2081 2080
2082 1938
2082 2083
2082 2084
2083 1938
2083 2082
2083 2084
2084 1938
2084 2082
2084 2083
2085 1655
2085 1656
2086 1703
2087 2088
2088 2087
2089 1635
2089 2090
2090 1635
2090 2089
2091 1683
2091 1698
2091 1800
2092 2093
2092 2094
2093 2092
2093 2094
2094 2092
2094 2093
2095 73
2095 1432
2095 2096
2096 73
2096 1432
2096 2095
2097 993
2097 2143
2097 2144
2097 2149
2098 2099
2099 2098
2100 2070
2101 2102
2102 2101
2102 2140
2103 677
2103 678
2104 2105
2105 2073
2105 2104
2106 2107
2107 2106
2108 2109
2109 1786
2109 2108
2110 2111
2110 2112
2110 2120
2111 2110
2111 2112
2111 2120
2112 2110
2112 2111
2112 2115
2113 662
2114 865
2114 986
2114 1268
2115 2112
2116 2117
2117 2116
2118 2119
2119 2118
2120 2110
2120 2111
2121 2122
2122 2121
2123 2124
2124 2123
2125 2126
2126 2125
2127 218
2127 602
2128 2129
2129 2128
2130 2131
2131 2130
2131 2132
2132 2131
2133 2134
2134 2133
2135 2136
2136 2135
2137 380
2137 646
2138 2139
2139 2138
2140 2102
2141 2142
2142 2141
2143 2097
2143 2144
2144 2097
2144 2143
2145 2146
2146 2145
2146 2161
2147 2148
2147 2164
2148 2147
2149 2097
2150 372
2150 380
2150 2151
2151 372
2151 380
2151 2150
2152 2153
2153 2152
2154 2155
2155 2154
2156 635
2156 2157
2157 635
2157 2156
2158 1773
2159 530
2160 910
2161 2146
2162 2163
2163 2162
2164 2147
2165 2166
2165 2167
2166 2165
2166 2167
2166 2178
2166 2204
2167 2165
2167 2166
2168 95
2169 1933
2169 2170
2170 412
2170 1933
2170 2169
2171 2172
2171 2173
2171 2174
2171 2175
2172 2171
2172 2173
2172 2174
2172 2175
2173 2171
2173 2172
2173 2174
2173 2175
2174 2171
2174 2172
2174 2173
2174 2175
2175 1496
2175 2171
2175 2172
2175 2173
2175 2174
2175 2210
2175 2232
2176 948
2176 2177
2177 948
2177 2176
2178 1072
2178 2166
2178 2204
2179 2180
2179 2215
2180 2179
2181 1496
2181 2182
2182 1496
2182 2181
2183 2184
2184 2183
2185 1279
2186 2187
2186 2188
2187 2186
2187 2188
2188 2186
2188 2187
2189 2190
2190 2189
2191 974
2192 2193
2193 2192
2193 2199
2194 2195
2195 2194
2195 2211
2196 2197
2197 2196
2198 1795
2199 2193
2199 2200
2199 2214
2200 2199
2200 2205
2200 2206
2201 2202
2202 2201
2203 952
2203 2223
2204 2166
2204 2178
2205 2200
2205 2206
2206 2200
2206 2205
2207 960
2208 2209
2209 2208
2210 1496
2210 2175
2210 2211
2210 2232
2211 1496
2211 2195
2211 2210
2212 2213
2213 2212
2213 2287
2214 2199
2215 2179
2215 2228
2216 2217
2217 2216
2218 1982
2219 251
2219 2220
2220 2219
2221 2222
2222 2221
2223 2203
2224 2225
2225 2224
2226 2227
2227 2226
2228 2215
2228 2332
2229 2230
2230 2229
2231 140
2231 143
2232 1496
2232 2175
2232 2210
2233 2234
2234 2233
2235 2236
2236 2235
2237 2238
2238 2237
2239 2240
2240 2239
2240 2338
2241 2242
2242 2241
2242 2243
2242 2244
2243 2242
2243 2244
2243 2245
2244 2242
2244 2243
2245 2243
2246 2247
2247 2246
2248 180
2248 181
2248 182
2249 1488
2249 2302
2250 2251
2251 2250
2252 2253
2252 2254
2253 2252
2253 2254
2254 2252
2254 2253
2255 2256
2256 2255
2256 2266
2257 2258
2258 2257
2259 2260
2260 2259
2261 2262
2261 2320
2262 2261
2263 2264
2263 2265
2264 2263
2264 2265
2265 2263
2265 2264
2266 2256
2267 2268
2267 2269
2268 2267
2268 2269
2269 2267
2269 2268
2270 1626
2271 2272
2272 2271
2273 2274
2274 2273
2275 2276
2276 2275
2276 2316
2276 2317
2276 2318
2277 690
2277 2303
2277 2304
2278 2279
2278 2309
2279 2278
2279 2295
2280 2281
2281 2280
2282 1509
2282 2283
2282 2319
2283 1509
2283 2282
2283 2319
2284 1508
2284 2321
2285 2286
2286 2285
2287 2213
2288 1512
2288 2294
2289 2290
2290 2289
2291 407
2292 142
2293 1500
2294 2288
2295 2279
2296 1515
2296 2299
2297 2298
2298 2297
2299 2296
2300 1029
2300 2301
2301 1029
2301 2300
2302 2249
2303 2277
2303 2304
2304 2277
2304 2303
2305 2306
2306 2305
2307 2308
2308 2307
2309 2278
2310 2311
2311 2310
2312 701
2313 2314
2314 2313
2315 978
2316 2276
2316 2317
2316 2318
2317 2276
2317 2316
2317 2318
2318 2276
2318 2316
2318 2317
2319 1509
2319 2282
2319 2283
2320 2261
2321 2284
2322 2323
2323 2322
2323 2327
2324 1490
2324 2325
2325 1490
2325 2324
2326 318
2326 319
2327 2323
2328 2329
2329 2328
2330 2331
2331 2330
2332 2228
2333 2334
2334 2333
2335 2336
2335 2337
2336 2335
2336 2337
2337 2335
2337 2336
2338 2240
2339 2340
2340 2339
