1 2
2 1
3 4
4 3
5 6
5 7
5 35
6 5
6 7
7 5
7 6
7 34
7 35
7 58
8 9
9 8
9 19
9 21
10 11
10 12
11 10
11 12
11 45
12 10
12 11
13 14
14 13
15 16
15 17
16 15
16 17
16 708
16 910
17 15
17 16
18 19
18 20
18 729
18 730
19 9
19 18
19 20
19 21
20 18
20 19
21 9
21 19
21 34
21 35
22 23
23 22
24 25
24 790
25 24
26 27
26 54
27 26
28 29
29 28
30 31
31 30
32 33
33 32
34 7
34 21
34 35
34 55
34 58
34 694
35 5
35 7
35 21
35 34
36 37
36 2021
37 36
37 2021
38 39
39 38
40 41
40 42
41 40
41 42
42 40
42 41
43 44
44 43
44 59
45 11
46 47
47 46
48 49
48 782
48 792
48 793
49 48
49 761
49 762
49 781
49 782
49 784
49 786
49 787
49 823
49 824
49 1032
49 1034
49 1037
50 51
51 50
52 53
53 52
54 26
55 34
56 57
57 56
58 7
58 34
58 218
59 44
59 715
60 61
60 236
61 60
62 63
62 64
63 62
63 64
64 62
64 63
65 66
65 67
66 65
66 67
67 65
67 66
68 69
68 70
69 68
69 70
70 68
70 69
71 72
71 73
72 71
72 73
73 71
73 72
74 75
74 76
75 74
75 76
76 74
76 75
77 78
77 1993
78 77
79 80
79 81
79 82
80 79
80 81
80 82
81 79
81 80
81 82
82 79
82 80
82 81
82 351
82 473
82 545
83 84
83 94
84 83
85 86
85 1617
85 1618
85 1746
86 85
87 88
88 87
89 90
89 91
89 98
89 526
90 89
90 91
91 89
91 90
92 93
93 92
94 83
95 96
96 95
97 98
97 1884
98 89
98 97
98 506
98 526
99 100
99 1874
99 1875
99 1876
100 99
101 102
102 101
103 104
103 105
104 103
104 105
105 103
105 104
106 107
106 108
106 1629
107 106
107 108
108 106
108 107
109 110
110 109
111 112
111 113
112 111
112 113
113 111
113 112
114 115
114 116
115 114
115 116
116 114
116 115
116 127
116 132
117 118
117 346
117 347
118 117
118 346
118 347
119 120
120 119
121 122
122 121
123 124
124 123
125 126
126 125
127 116
128 129
129 128
130 131
131 130
132 116
133 134
134 133
134 135
135 134
136 137
137 136
138 139
138 148
139 138
140 141
141 140
142 143
142 144
143 142
143 144
143 379
143 380
144 142
144 143
144 1541
144 1771
145 146
145 147
145 314
145 356
145 1166
145 1732
146 145
146 147
147 145
147 146
147 229
148 138
149 150
149 1759
150 149
151 152
151 163
151 296
152 151
153 154
153 155
154 153
154 155
155 153
155 154
155 1533
156 157
157 156
158 159
158 1157
159 158
160 161
160 162
161 160
161 162
162 160
162 161
162 164
163 151
163 296
164 162
165 166
166 165
167 168
167 169
168 167
168 169
169 167
169 168
170 171
171 170
171 245
171 246
172 173
173 172
174 175
175 174
175 1237
176 177
177 176
178 179
179 178
180 181
181 180
182 183
183 182
184 185
185 184
186 187
187 186
188 189
189 188
189 200
190 191
190 192
191 190
191 192
192 190
192 191
193 194
194 193
194 1660
195 196
195 197
195 207
196 195
196 197
196 204
196 212
196 522
197 195
197 196
197 212
197 522
198 199
199 198
200 189
200 201
200 211
201 200
201 600
202 203
203 202
204 196
205 206
206 205
207 195
207 215
208 209
208 210
209 208
209 210
210 208
210 209
210 1842
211 200
212 196
212 197
213 214
214 213
214 887
214 888
215 207
216 217
216 1521
216 1522
217 216
217 1521
217 1522
218 58
219 220
219 221
220 219
221 219
221 239
222 223
223 222
224 225
224 226
224 700
224 701
225 224
225 226
225 950
225 978
226 224
226 225
226 978
227 228
228 227
229 147
230 231
231 230
232 233
232 234
232 235
233 232
233 234
233 235
234 232
234 233
234 235
235 232
235 233
235 234
236 60
236 523
237 238
238 237
239 221
240 241
241 240
241 696
241 735
242 243
242 244
243 242
243 244
243 294
243 295
244 242
244 243
244 294
244 295
245 171
245 246
246 171
246 245
247 248
248 247
248 290
249 250
250 249
251 252
252 251
253 254
254 253
255 256
255 594
256 255
256 1396
256 1397
257 258
257 259
258 257
258 259
259 257
259 258
259 264
259 265
259 266
259 267
259 309
259 324
259 325
259 326
259 328
259 329
259 492
259 493
259 511
259 585
259 586
259 587
260 261
261 260
261 291
262 263
263 262
263 886
264 259
264 265
264 266
264 267
265 259
265 264
265 266
265 321
266 259
266 264
266 265
267 259
267 264
268 269
269 268
270 271
270 272
270 426
270 430
271 270
271 272
272 270
272 271
272 316
273 274
274 273
274 851
275 276
275 455
276 275
276 455
277 278
277 279
278 277
278 279
279 277
279 278
280 281
280 282
281 280
281 282
282 280
282 281
282 347
283 284
284 283
285 286
285 287
286 285
286 287
287 285
287 286
288 289
289 288
290 248
291 261
292 293
293 292
294 243
294 244
294 295
295 243
295 244
295 294
295 296
295 473
296 151
296 163
296 295
296 2032
297 298
297 728
298 297
299 300
300 299
301 302
302 301
303 304
304 303
304 992
304 1282
304 1527
304 1528
304 1529
304 1530
305 306
305 307
305 477
306 305
306 307
306 327
306 477
306 626
307 305
307 306
307 327
308 309
308 660
309 259
309 308
309 511
310 311
311 310
312 313
313 312
314 145
314 315
314 356
314 1166
314 1732
315 314
316 272
316 317
316 318
317 316
317 318
318 316
318 317
319 320
320 319
320 422
321 265
322 323
323 322
324 259
324 325
324 326
325 259
325 324
325 326
326 259
326 324
326 325
326 330
326 331
326 587
326 588
327 306
327 307
328 259
328 329
329 259
329 328
330 326
330 331
331 326
331 330
332 333
332 465
332 470
332 471
332 472
333 332
333 465
333 629
334 335
335 334
336 337
336 338
336 348
337 336
337 338
338 336
338 337
338 348
338 856
339 340
340 339
341 342
341 343
341 344
341 345
342 341
342 343
342 344
342 345
343 341
343 342
343 344
343 345
344 341
344 342
344 343
344 345
345 341
345 342
345 343
345 344
346 117
346 118
346 347
347 117
347 118
347 282
347 346
348 336
348 338
348 491
348 1575
348 1723
348 1724
349 350
350 349
350 554
351 82
352 353
352 354
352 512
352 513
352 514
352 527
352 582
353 352
353 354
354 352
354 353
355 356
356 145
356 314
356 355
356 1166
356 1732
357 358
358 357
359 360
360 359
361 362
362 361
363 364
364 363
365 366
365 369
365 370
366 365
366 369
366 370
366 603
366 1693
366 1828
366 1829
367 368
368 367
369 365
369 366
369 370
370 365
370 366
370 369
370 603
371 372
372 371
373 374
373 375
373 376
374 373
374 375
374 376
374 386
374 642
374 1583
375 373
375 374
375 376
376 373
376 374
376 375
376 386
377 378
378 377
378 393
379 143
379 380
380 143
380 379
381 382
381 383
382 381
382 383
383 381
383 382
384 385
384 1685
384 1686
385 384
386 374
386 376
387 388
388 387
389 390
390 389
391 392
392 391
393 378
394 395
395 394
396 397
396 398
396 408
397 396
397 398
398 396
398 397
399 400
400 399
401 402
401 403
402 401
402 403
403 401
403 402
404 405
405 404
406 407
407 406
407 431
407 863
408 396
409 410
409 411
410 409
410 411
410 680
410 2001
410 2002
410 2003
411 409
411 410
412 413
413 412
414 415
415 414
415 1008
415 1010
415 1023
415 1024
416 417
417 416
417 1367
417 1368
418 419
419 418
420 421
420 1068
420 1069
421 420
421 583
422 320
423 424
424 423
425 426
425 764
425 765
425 766
425 785
425 794
425 2020
426 270
426 425
426 430
427 428
427 429
428 427
428 429
429 427
429 428
430 270
430 426
431 407
431 863
432 433
432 434
433 432
433 434
434 432
434 433
435 436
435 1006
436 435
437 438
438 437
439 440
439 441
439 442
439 443
439 444
440 439
440 441
440 442
440 443
440 444
441 439
441 440
441 442
441 443
441 444
442 439
442 440
442 441
442 443
442 444
443 439
443 440
443 441
443 442
443 444
444 439
444 440
444 441
444 442
444 443
445 446
446 445
447 448
448 447
448 488
448 2012
449 450
450 449
451 452
452 451
453 454
454 453
455 275
455 276
456 457
457 456
458 459
459 458
459 723
460 461
461 460
462 463
462 464
463 462
463 464
464 462
464 463
464 1739
465 332
465 333
465 1893
466 467
466 1632
467 466
468 469
469 468
470 332
470 471
470 472
471 332
471 470
471 472
472 332
472 470
472 471
473 82
473 295
473 545
474 475
474 476
475 474
475 476
476 474
476 475
476 985
477 305
477 306
477 1584
477 1585
478 479
479 478
480 481
481 480
482 483
482 1365
483 482
484 485
485 484
485 750
486 487
487 486
488 448
489 490
489 695
490 489
490 695
491 348
491 1381
492 259
492 493
493 259
493 492
494 495
495 494
496 497
496 849
496 850
497 496
497 849
497 850
498 499
498 500
499 498
499 500
500 498
500 499
501 502
501 503
502 501
502 503
503 501
503 502
504 505
505 504
506 98
507 508
508 507
509 510
510 509
511 259
511 309
512 352
512 513
512 514
513 352
513 512
513 514
513 527
514 352
514 512
514 513
514 527
515 516
516 515
516 579
516 749
516 754
517 518
517 538
518 517
518 538
518 913
519 520
519 521
520 519
520 521
520 1740
521 519
521 520
522 196
522 197
523 236
524 525
525 524
526 89
526 98
527 352
527 513
527 514
527 582
528 529
529 528
530 531
531 530
532 533
533 532
534 535
535 534
535 751
536 537
537 536
537 957
537 958
537 959
538 517
538 518
538 913
539 540
540 539
541 542
542 541
543 544
544 543
545 82
545 473
546 547
547 546
548 549
549 548
550 551
551 550
552 553
553 552
554 350
554 1505
555 556
556 555
556 1984
557 558
558 557
559 560
560 559
561 562
562 561
563 564
563 565
564 563
564 565
565 563
565 564
566 567
567 566
568 569
569 568
570 571
570 572
571 570
571 572
572 570
572 571
573 574
574 573
575 576
576 575
576 1003
576 1416
577 578
578 577
578 1399
579 516
580 581
581 580
581 608
582 352
582 527
582 1419
583 421
583 584
583 1070
583 1071
584 583
585 259
585 586
586 259
586 585
587 259
587 326
587 588
588 326
588 587
589 590
589 591
589 611
590 589
591 589
592 593
593 592
594 255
595 596
596 595
597 598
597 599
598 597
598 599
599 597
599 598
600 201
601 602
602 601
603 366
603 370
604 605
605 604
606 607
607 606
608 581
609 610
610 609
611 589
612 613
613 612
614 615
615 614
616 617
617 616
618 619
619 618
620 621
621 620
622 623
623 622
624 625
625 624
626 306
627 628
627 680
628 627
628 841
628 1268
629 333
630 631
631 630
632 633
633 632
634 635
635 634
636 637
637 636
637 749
638 639
639 638
640 641
641 640
642 374
642 643
642 1482
642 1483
642 1583
643 642
644 645
645 644
646 647
647 646
648 649
648 907
649 648
649 1558
649 1559
650 651
650 736
651 650
651 736
651 752
651 753
652 653
652 861
652 862
653 652
654 655
655 654
656 657
656 712
656 713
657 656
658 659
658 975
659 658
660 308
661 662
662 661
663 664
664 663
664 697
664 714
664 726
665 666
666 665
666 1001
667 668
667 669
668 667
668 669
669 667
669 668
670 671
670 972
671 670
672 673
672 719
673 672
674 675
675 674
675 746
676 677
676 755
676 1152
676 1690
676 1691
677 676
678 679
679 678
680 410
680 627
681 682
681 1398
682 681
683 684
683 745
684 683
685 686
686 685
687 688
688 687
689 690
690 689
691 692
691 693
691 709
691 710
691 711
692 691
692 693
693 691
693 692
693 709
693 710
693 711
694 34
695 489
695 490
696 241
697 664
698 699
699 698
700 224
700 701
701 224
701 700
701 835
701 836
702 703
703 702
704 705
705 704
706 707
707 706
708 16
709 691
709 693
709 710
709 711
710 691
710 693
710 709
710 711
711 691
711 693
711 709
711 710
712 656
712 713
713 656
713 712
714 664
714 741
715 59
715 1434
716 717
716 718
716 720
717 716
718 716
718 1074
718 1075
719 672
720 716
721 722
722 721
722 1273
722 1274
722 1624
723 459
724 725
725 724
726 664
727 728
727 893
728 297
728 727
729 18
729 730
729 820
729 1084
729 1085
730 18
730 729
731 732
732 731
733 734
734 733
734 1037
734 1086
735 241
736 650
736 651
737 738
738 737
739 740
740 739
741 714
742 743
742 744
743 742
743 744
744 742
744 743
745 683
746 675
747 748
747 749
748 747
748 749
748 1606
748 1607
749 516
749 637
749 747
749 748
749 754
750 485
751 535
752 651
752 753
753 651
753 752
754 516
754 749
755 676
755 756
755 757
755 758
755 1152
755 1311
755 1690
755 1691
756 755
756 757
756 758
757 755
757 756
757 758
757 873
757 874
758 755
758 756
758 757
758 873
758 874
759 760
760 759
761 49
761 762
761 763
761 769
761 788
762 49
762 761
762 763
762 769
762 788
762 1017
762 1018
763 761
763 762
763 769
764 425
764 765
764 766
764 785
764 794
765 425
765 764
765 766
765 785
765 791
765 794
765 1054
766 425
766 764
766 765
766 785
766 791
766 794
767 768
768 767
769 761
769 762
769 763
770 771
771 770
772 773
773 772
774 775
775 774
776 777
776 778
777 776
777 778
777 790
777 1007
778 776
778 777
778 1007
779 780
779 781
779 1025
779 1045
780 779
780 781
780 1025
780 1045
781 49
781 779
781 780
781 784
781 786
781 787
781 823
781 824
781 1025
782 48
782 49
782 1037
783 784
784 49
784 781
784 783
784 786
784 787
784 797
784 800
784 801
784 823
784 824
785 425
785 764
785 765
785 766
785 791
785 794
786 49
786 781
786 784
786 787
786 823
786 824
787 49
787 781
787 784
787 786
787 789
787 823
787 824
788 761
788 762
789 787
790 24
790 777
791 765
791 766
791 785
792 48
792 793
792 1674
792 1738
792 1986
793 48
793 792
794 425
794 764
794 765
794 766
794 785
795 796
795 822
795 1022
796 795
797 784
798 799
799 798
799 1053
800 784
800 801
801 784
801 800
802 803
803 802
804 805
805 804
805 1078
806 807
806 808
806 929
806 934
807 806
807 808
808 806
808 807
809 810
809 823
810 809
811 812
812 811
812 1035
812 1036
813 814
814 813
815 816
815 817
816 815
816 817
817 815
817 816
818 819
819 818
819 1019
820 729
820 821
820 822
820 1079
820 1080
820 1084
820 1085
820 1087
821 820
821 822
821 1022
822 795
822 820
822 821
822 1022
823 49
823 781
823 784
823 786
823 787
823 809
823 824
824 49
824 781
824 784
824 786
824 787
824 823
824 833
824 834
824 1026
825 826
825 827
826 825
826 827
827 825
827 826
828 829
828 830
828 1031
828 1660
828 1727
828 1728
828 1896
829 828
829 830
830 828
830 829
830 1010
830 1027
830 1028
830 1031
830 1032
830 1033
830 1034
831 832
832 831
833 824
833 834
834 824
834 833
835 701
835 836
836 701
836 835
837 838
838 837
838 1480
838 1481
839 840
840 839
841 628
841 842
841 1268
842 841
843 844
843 845
843 846
844 843
844 845
844 846
845 843
845 844
845 846
845 897
845 1044
846 843
846 844
846 845
846 897
847 848
848 847
849 496
849 497
849 850
850 496
850 497
850 849
851 274
851 864
851 865
852 853
852 854
852 855
853 852
853 854
853 855
853 892
854 852
854 853
854 855
855 852
855 853
855 854
855 857
855 858
855 872
855 894
855 895
855 896
856 338
857 855
857 858
857 870
857 871
858 855
858 857
858 870
858 871
858 1110
858 1446
858 1447
859 860
860 859
861 652
861 862
862 652
862 861
863 407
863 431
864 851
864 865
865 851
865 864
866 867
867 866
868 869
869 868
870 857
870 858
870 871
870 1227
870 1285
870 1286
871 857
871 858
871 870
872 855
873 757
873 758
873 874
874 757
874 758
874 873
875 876
876 875
877 878
878 877
879 880
880 879
881 882
881 883
882 881
882 883
883 881
883 882
884 885
885 884
886 263
887 214
887 888
888 214
888 887
889 890
889 891
890 889
890 891
891 889
891 890
892 853
893 727
894 855
894 895
894 896
894 1231
894 1312
894 1351
895 855
895 894
895 896
896 855
896 894
896 895
897 845
897 846
898 899
899 898
900 901
900 902
901 900
901 902
901 910
902 900
902 901
903 904
904 903
905 906
906 905
907 648
908 909
909 908
910 16
910 901
910 969
911 912
912 911
913 518
913 538
914 915
915 914
916 917
917 916
918 919
919 918
920 921
921 920
922 923
923 922
924 925
925 924
926 927
926 928
927 926
927 928
927 942
927 943
927 944
928 926
928 927
929 806
929 934
929 942
929 944
930 931
931 930
931 941
931 1455
931 1456
931 2109
932 933
933 932
934 806
934 929
935 936
935 937
936 935
936 937
937 935
937 936
938 939
938 940
939 938
939 940
940 938
940 939
941 931
941 2109
942 927
942 929
942 943
942 944
943 927
943 942
943 944
944 927
944 929
944 942
944 943
945 946
945 947
945 2089
945 2090
946 945
946 947
946 1429
947 945
947 946
948 949
949 948
949 2091
950 225
951 952
952 951
953 954
954 953
955 956
956 955
957 537
957 958
957 959
958 537
958 957
958 959
959 537
959 957
959 958
960 961
960 962
961 960
961 962
962 960
962 961
963 964
964 963
965 966
965 1161
965 1258
965 1259
965 1260
965 1438
965 1868
966 965
967 968
967 1302
968 967
969 910
969 1676
969 1677
969 1989
969 1990
970 971
970 984
971 970
971 984
972 670
973 974
974 973
974 1250
975 658
976 977
977 976
978 225
978 226
979 980
979 981
980 979
980 981
981 979
981 980
982 983
983 982
983 1239
984 970
984 971
985 476
986 987
987 986
988 989
989 988
990 991
991 990
992 304
992 993
992 994
992 1000
992 1528
993 992
993 994
994 992
994 993
995 996
995 997
996 995
996 997
997 995
997 996
998 999
999 998
1000 992
1001 666
1002 1003
1003 576
1003 1002
1003 1392
1003 1416
1004 1005
1005 1004
1006 435
1007 777
1007 778
1008 415
1008 1009
1008 1010
1008 1015
1008 1016
1008 1023
1008 1024
1008 1046
1008 1047
1009 1008
1009 1010
1009 1015
1009 1016
1009 1046
1009 1047
1010 415
1010 830
1010 1008
1010 1009
1010 1023
1010 1024
1010 1027
1010 1028
1010 1029
1010 1030
1010 1031
1010 1032
1010 1033
1010 1034
1010 1055
1010 1056
1010 1059
1010 1066
1010 1067
1011 1012
1012 1011
1013 1014
1014 1013
1015 1008
1015 1009
1015 1016
1015 1088
1015 1089
1016 1008
1016 1009
1016 1015
1017 762
1017 1018
1018 762
1018 1017
1019 819
1020 1021
1021 1020
1022 795
1022 821
1022 822
1023 415
1023 1008
1023 1010
1023 1024
1023 1067
1024 415
1024 1008
1024 1010
1024 1023
1024 1067
1025 779
1025 780
1025 781
1026 824
1027 830
1027 1010
1027 1028
1027 1032
1027 1033
1027 1034
1028 830
1028 1010
1028 1027
1029 1010
1029 1030
1030 1010
1030 1029
1031 828
1031 830
1031 1010
1031 1055
1031 1056
1031 1059
1031 1873
1032 49
1032 830
1032 1010
1032 1027
1032 1033
1032 1034
1033 830
1033 1010
1033 1027
1033 1032
1033 1034
1034 49
1034 830
1034 1010
1034 1027
1034 1032
1034 1033
1034 1062
1034 1063
1035 812
1035 1036
1035 1437
1036 812
1036 1035
1036 1064
1037 49
1037 734
1037 782
1037 1086
1038 1039
1038 1181
1038 1331
1039 1038
1040 1041
1040 1052
1041 1040
1042 1043
1043 1042
1043 1065
1044 845
1044 1190
1045 779
1045 780
1046 1008
1046 1009
1046 1047
1047 1008
1047 1009
1047 1046
1048 1049
1049 1048
1049 1060
1050 1051
1051 1050
1052 1040
1052 1807
1053 799
1053 1061
1054 765
1055 1010
1055 1031
1055 1056
1056 1010
1056 1031
1056 1055
1057 1058
1058 1057
1059 1010
1059 1031
1060 1049
1061 1053
1062 1034
1062 1063
1063 1034
1063 1062
1064 1036
1065 1043
1066 1010
1066 1969
1067 1010
1067 1023
1067 1024
1068 420
1068 1069
1069 420
1069 1068
1070 583
1070 1071
1071 583
1071 1070
1072 1073
1072 1512
1072 1513
1072 1675
1073 1072
1074 718
1074 1075
1075 718
1075 1074
1076 1077
1077 1076
1078 805
1079 820
1079 1080
1080 820
1080 1079
1081 1082
1081 1083
1082 1081
1082 1083
1083 1081
1083 1082
1084 729
1084 820
1084 1085
1084 1087
1085 729
1085 820
1085 1084
1086 734
1086 1037
1087 820
1087 1084
1088 1015
1088 1089
1088 1747
1089 1015
1089 1088
1090 1091
1091 1090
1092 1093
1092 1124
1093 1092
1094 1095
1095 1094
1095 1454
1096 1097
1097 1096
1098 1099
1099 1098
1099 1133
1099 1134
1100 1101
1101 1100
1101 1486
1102 1103
1102 1104
1103 1102
1103 1104
1103 1495
1104 1102
1104 1103
1104 1158
1105 1106
1105 1382
1105 1411
1106 1105
1106 1359
1107 1108
1107 1109
1108 1107
1108 1109
1108 1156
1109 1107
1109 1108
1109 1156
1110 858
1111 1112
1112 1111
1112 1341
1112 1342
1112 1343
1112 1344
1112 1345
1112 1346
1112 1347
1112 1348
1112 1412
1113 1114
1114 1113
1114 1159
1115 1116
1116 1115
1116 1153
1116 1431
1117 1118
1117 1232
1117 1374
1117 1375
1118 1117
1119 1120
1120 1119
1121 1122
1121 1123
1122 1121
1122 1123
1123 1121
1123 1122
1123 1299
1123 1300
1124 1092
1125 1126
1125 1127
1126 1125
1126 1127
1127 1125
1127 1126
1128 1129
1128 1130
1129 1128
1129 1130
1130 1128
1130 1129
1131 1132
1132 1131
1132 1337
1132 1338
1133 1099
1133 1134
1134 1099
1134 1133
1135 1136
1135 1137
1136 1135
1136 1137
1137 1135
1137 1136
1138 1139
1139 1138
1140 1141
1140 1142
1141 1140
1141 1142
1142 1140
1142 1141
1143 1144
1143 1145
1144 1143
1144 1145
1145 1143
1145 1144
1146 1147
1147 1146
1148 1149
1149 1148
1150 1151
1151 1150
1152 676
1152 755
1152 1153
1152 1690
1152 1691
1153 1116
1153 1152
1153 1431
1154 1155
1155 1154
1155 1163
1155 1165
1156 1108
1156 1109
1157 158
1158 1104
1159 1114
1160 1161
1160 1162
1160 1163
1160 1164
1160 1165
1161 965
1161 1160
1161 1162
1161 1163
1161 1164
1161 1165
1161 1260
1161 1438
1162 1160
1162 1161
1162 1163
1162 1164
1162 1165
1163 1155
1163 1160
1163 1161
1163 1162
1163 1164
1163 1165
1164 1160
1164 1161
1164 1162
1164 1163
1164 1165
1165 1155
1165 1160
1165 1161
1165 1162
1165 1163
1165 1164
1166 145
1166 314
1166 356
1166 1167
1166 1168
1166 1732
1167 1166
1167 1168
1168 1166
1168 1167
1169 1170
1170 1169
1171 1172
1172 1171
1172 1261
1172 1262
1173 1174
1173 1184
1174 1173
1175 1176
1175 1177
1176 1175
1176 1177
1176 1336
1177 1175
1177 1176
1178 1179
1179 1178
1179 1366
1180 1181
1180 1331
1181 1038
1181 1180
1181 1331
1182 1183
1183 1182
1184 1173
1185 1186
1185 1320
1186 1185
1186 1352
1187 1188
1188 1187
1189 1190
1190 1044
1190 1189
1191 1192
1191 1193
1192 1191
1192 1193
1193 1191
1193 1192
1194 1195
1194 1196
1195 1194
1195 1196
1195 1203
1195 1204
1196 1194
1196 1195
1196 1305
1197 1198
1198 1197
1199 1200
1200 1199
1200 1292
1200 1306
1201 1202
1202 1201
1202 1208
1202 1209
1203 1195
1203 1204
1203 1205
1204 1195
1204 1203
1204 1205
1204 1219
1204 1225
1205 1203
1205 1204
1206 1207
1206 1770
1207 1206
1207 1278
1208 1202
1208 1209
1209 1202
1209 1208
1210 1211
1211 1210
1212 1213
1212 1220
1213 1212
1214 1215
1215 1214
1215 1216
1215 1283
1216 1215
1217 1218
1218 1217
1219 1204
1220 1212
1220 1659
1221 1222
1221 1661
1221 1662
1221 1663
1222 1221
1223 1224
1223 1225
1224 1223
1224 1225
1224 1314
1225 1204
1225 1223
1225 1224
1225 1298
1226 1227
1226 1228
1227 870
1227 1226
1227 1228
1227 1231
1227 1271
1227 1272
1227 1285
1227 1286
1227 1312
1228 1226
1228 1227
1228 1231
1228 1271
1228 1272
1228 1312
1229 1230
1230 1229
1231 894
1231 1227
1231 1228
1231 1312
1231 1351
1232 1117
1232 1233
1232 1374
1232 1375
1232 2103
1232 2104
1233 1232
1234 1235
1234 1236
1235 1234
1235 1236
1236 1234
1236 1235
1237 175
1238 1239
1239 983
1239 1238
1240 1241
1241 1240
1241 1856
1241 1857
1242 1243
1243 1242
1244 1245
1245 1244
1246 1247
1246 1292
1247 1246
1247 1292
1248 1249
1249 1248
1249 1295
1250 974
1251 1252
1252 1251
1252 1284
1253 1254
1253 1255
1254 1253
1254 1255
1255 1253
1255 1254
1255 1313
1256 1257
1257 1256
1258 965
1258 1259
1258 1260
1259 965
1259 1258
1259 1260
1260 965
1260 1161
1260 1258
1260 1259
1260 1438
1261 1172
1261 1262
1261 1275
1262 1172
1262 1261
1263 1264
1264 1263
1264 1287
1264 1500
1265 1266
1266 1265
1267 1268
1268 628
1268 841
1268 1267
1269 1270
1270 1269
1271 1227
1271 1228
1271 1272
1271 1650
1271 1651
1272 1227
1272 1228
1272 1271
1273 722
1273 1274
1274 722
1274 1273
1275 1261
1276 1277
1277 1276
1278 1207
1279 1280
1280 1279
1281 1282
1282 304
1282 1281
1283 1215
1284 1252
1285 870
1285 1227
1285 1286
1286 870
1286 1227
1286 1285
1287 1264
1288 1289
1289 1288
1290 1291
1291 1290
1292 1200
1292 1246
1292 1247
1292 1306
1293 1294
1294 1293
1295 1249
1296 1297
1296 1373
1296 1383
1297 1296
1298 1225
1299 1123
1299 1300
1299 1498
1299 1499
1300 1123
1300 1299
1301 1302
1302 967
1302 1301
1303 1304
1304 1303
1305 1196
1306 1200
1306 1292
1306 1497
1307 1308
1308 1307
1309 1310
1309 1321
1309 1360
1309 1361
1309 1387
1309 1388
1310 1309
1311 755
1312 894
1312 1227
1312 1228
1312 1231
1312 1351
1313 1255
1314 1224
1315 1316
1315 1317
1316 1315
1316 1317
1317 1315
1317 1316
1318 1319
1319 1318
1320 1185
1321 1309
1322 1323
1322 1324
1323 1322
1323 1324
1324 1322
1324 1323
1325 1326
1326 1325
1327 1328
1327 1444
1327 1445
1328 1327
1328 1492
1329 1330
1330 1329
1331 1038
1331 1180
1331 1181
1332 1333
1333 1332
1333 1395
1334 1335
1335 1334
1335 1426
1336 1176
1337 1132
1337 1338
1338 1132
1338 1337
1339 1340
1339 1364
1340 1339
1340 1364
1341 1112
1341 1342
1341 1343
1342 1112
1342 1341
1342 1343
1343 1112
1343 1341
1343 1342
1344 1112
1344 1345
1344 1346
1344 1347
1344 1348
1345 1112
1345 1344
1345 1346
1345 1347
1345 1348
1346 1112
1346 1344
1346 1345
1346 1347
1346 1348
1347 1112
1347 1344
1347 1345
1347 1346
1347 1348
1348 1112
1348 1344
1348 1345
1348 1346
1348 1347
1349 1350
1350 1349
1351 894
1351 1231
1351 1312
1352 1186
1353 1354
1354 1353
1355 1356
1356 1355
1357 1358
1358 1357
1359 1106
1359 1379
1360 1309
1360 1361
1361 1309
1361 1360
1362 1363
1363 1362
1364 1339
1364 1340
1364 1410
1365 482
1366 1179
1367 417
1367 1368
1367 1400
1368 417
1368 1367
1369 1370
1370 1369
1371 1372
1372 1371
1373 1296
1374 1117
1374 1232
1374 1375
1375 1117
1375 1232
1375 1374
1376 1377
1376 1378
1377 1376
1377 1378
1378 1376
1378 1377
1379 1359
1379 1380
1380 1379
1381 491
1382 1105
1383 1296
1384 1385
1384 1386
1385 1384
1385 1386
1386 1384
1386 1385
1387 1309
1387 1388
1388 1309
1388 1387
1389 1390
1390 1389
1391 1392
1392 1003
1392 1391
1393 1394
1394 1393
1395 1333
1396 256
1396 1397
1397 256
1397 1396
1397 1858
1398 681
1399 578
1400 1367
1401 1402
1402 1401
1403 1404
1404 1403
1405 1406
1406 1405
1407 1408
1407 1409
1408 1407
1408 1409
1409 1407
1409 1408
1410 1364
1411 1105
1412 1112
1413 1414
1413 1415
1414 1413
1414 1415
1415 1413
1415 1414
1416 576
1416 1003
1417 1418
1418 1417
1418 1834
1418 1835
1419 582
1420 1421
1421 1420
1422 1423
1423 1422
1424 1425
1425 1424
1426 1335
1427 1428
1427 2192
1428 1427
1429 946
1430 1431
1431 1116
1431 1153
1431 1430
1432 1433
1433 1432
1434 715
1435 1436
1436 1435
1437 1035
1438 965
1438 1161
1438 1260
1439 1440
1440 1439
1440 1489
1441 1442
1441 1443
1442 1441
1442 1443
1443 1441
1443 1442
1444 1327
1444 1445
1445 1327
1445 1444
1446 858
1446 1447
1447 858
1447 1446
1448 1449
1448 2144
1449 1448
1449 2159
1450 1451
1451 1450
1452 1453
1453 1452
1454 1095
1455 931
1455 1456
1456 931
1456 1455
1457 1458
1458 1457
1459 1460
1460 1459
1461 1462
1461 2079
1461 2080
1462 1461
1462 2079
1462 2080
1463 1464
1464 1463
1465 1466
1465 1467
1466 1465
1466 1467
1467 1465
1467 1466
1468 1469
1468 2139
1469 1468
1470 1471
1470 1472
1470 1475
1471 1470
1471 1472
1472 1470
1472 1471
1472 1475
1473 1474
1474 1473
1475 1470
1475 1472
1476 1477
1476 1478
1476 1479
1477 1476
1477 1478
1477 1479
1478 1476
1478 1477
1478 1479
1479 1476
1479 1477
1479 1478
1480 838
1480 1481
1480 1650
1480 1651
1480 1864
1480 1865
1480 1867
1481 838
1481 1480
1482 642
1482 1483
1483 642
1483 1482
1484 1485
1485 1484
1486 1101
1487 1488
1488 1487
1489 1440
1490 1491
1491 1490
1492 1328
1493 1494
1494 1493
1495 1103
1496 1497
1497 1306
1497 1496
1498 1299
1498 1499
1499 1299
1499 1498
1500 1264
1501 1502
1502 1501
1503 1504
1503 1859
1504 1503
1504 1822
1504 1823
1504 1859
1504 1946
1505 554
1506 1507
1507 1506
1507 1930
1507 1931
1508 1509
1509 1508
1509 1756
1509 1757
1509 1758
1510 1511
1511 1510
1512 1072
1512 1513
1513 1072
1513 1512
1514 1515
1515 1514
1515 1913
1516 1517
1517 1516
1517 1625
1517 1664
1517 1665
1517 1667
1517 1932
1517 1933
1517 1934
1518 1519
1518 1917
1519 1518
1520 1521
1520 1522
1521 216
1521 217
1521 1520
1521 1522
1522 216
1522 217
1522 1520
1522 1521
1523 1524
1524 1523
1525 1526
1526 1525
1527 304
1527 1528
1528 304
1528 992
1528 1527
1529 304
1529 1530
1530 304
1530 1529
1531 1532
1531 1872
1532 1531
1532 1580
1533 155
1534 1535
1535 1534
1536 1537
1536 1538
1537 1536
1537 1538
1538 1536
1538 1537
1539 1540
1539 1776
1540 1539
1541 144
1541 1771
1542 1543
1543 1542
1544 1545
1544 1546
1544 1547
1545 1544
1545 1546
1545 1547
1546 1544
1546 1545
1546 1547
1547 1544
1547 1545
1547 1546
1547 1893
1548 1549
1549 1548
1550 1551
1550 1552
1551 1550
1551 1552
1552 1550
1552 1551
1553 1554
1554 1553
1555 1556
1556 1555
1556 1592
1556 1612
1556 1658
1556 1693
1556 1836
1557 1558
1557 1559
1557 1764
1557 1817
1558 649
1558 1557
1558 1559
1558 1581
1558 1582
1559 649
1559 1557
1559 1558
1559 1581
1559 1582
1560 1561
1561 1560
1561 1963
1561 1964
1561 1966
1562 1563
1563 1562
1563 1907
1564 1565
1564 1566
1565 1564
1565 1566
1565 2177
1566 1564
1566 1565
1567 1568
1568 1567
1569 1570
1570 1569
1571 1572
1571 1573
1572 1571
1572 1573
1573 1571
1573 1572
1573 1803
1573 1804
1574 1575
1574 1755
1575 348
1575 1574
1575 1723
1575 1724
1575 1755
1576 1577
1577 1576
1578 1579
1579 1578
1580 1532
1581 1558
1581 1559
1581 1582
1581 1737
1581 1902
1582 1558
1582 1559
1582 1581
1583 374
1583 642
1584 477
1584 1585
1585 477
1585 1584
1586 1587
1586 1588
1586 1641
1587 1586
1587 1588
1587 1641
1588 1586
1588 1587
1588 1641
1589 1590
1589 1591
1590 1589
1590 1591
1591 1589
1591 1590
1592 1556
1593 1594
1594 1593
1595 1596
1596 1595
1597 1598
1597 1599
1598 1597
1598 1599
1599 1597
1599 1598
1600 1601
1600 1748
1601 1600
1602 1603
1603 1602
1604 1605
1605 1604
1606 748
1606 1607
1607 748
1607 1606
1607 1659
1607 1940
1608 1609
1609 1608
1610 1611
1611 1610
1612 1556
1613 1614
1614 1613
1615 1616
1616 1615
1617 85
1617 1618
1618 85
1618 1617
1619 1620
1619 1621
1620 1619
1620 1621
1621 1619
1621 1620
1622 1623
1623 1622
1624 722
1625 1517
1625 1626
1625 1664
1625 1665
1625 1667
1625 1932
1625 1933
1625 1934
1626 1625
1627 1628
1628 1627
1629 106
1630 1631
1631 1630
1632 466
1633 1634
1634 1633
1635 1636
1636 1635
1637 1638
1638 1637
1638 1916
1639 1640
1640 1639
1640 1646
1641 1586
1641 1587
1641 1588
1642 1643
1643 1642
1644 1645
1645 1644
1646 1640
1647 1648
1647 1649
1647 1722
1648 1647
1648 1649
1648 1722
1649 1647
1649 1648
1649 1722
1650 1271
1650 1480
1650 1651
1650 1864
1650 1865
1650 1867
1651 1271
1651 1480
1651 1650
1651 1864
1651 1865
1651 1866
1651 1867
1652 1653
1652 1654
1652 1655
1653 1652
1653 1654
1653 1655
1653 1890
1654 1652
1654 1653
1654 1655
1655 1652
1655 1653
1655 1654
1655 1890
1656 1657
1657 1656
1657 1943
1658 1556
1659 1220
1659 1607
1660 194
1660 828
1660 1727
1660 1728
1661 1221
1661 1662
1661 1663
1662 1221
1662 1661
1662 1663
1663 1221
1663 1661
1663 1662
1664 1517
1664 1625
1664 1665
1664 1666
1664 1667
1664 1932
1664 1933
1664 1934
1665 1517
1665 1625
1665 1664
1665 1666
1665 1667
1665 1903
1665 1904
1665 1932
1665 1933
1665 1934
1666 1664
1666 1665
1666 1667
1666 1903
1666 1904
1667 1517
1667 1625
1667 1664
1667 1665
1667 1666
1667 1932
1667 1933
1667 1934
1668 1669
1668 1670
1669 1668
1669 1670
1670 1668
1670 1669
1671 1672
1672 1671
1672 1777
1672 1778
1672 1779
1672 1936
1672 1937
1673 1674
1673 1725
1673 1726
1674 792
1674 1673
1674 1725
1674 1726
1674 1729
1674 1730
1674 1738
1674 1986
1675 1072
1676 969
1676 1677
1676 1678
1676 1924
1676 1925
1676 1926
1676 1989
1676 1990
1677 969
1677 1676
1677 1678
1677 1924
1677 1925
1677 1926
1677 1989
1677 1990
1678 1676
1678 1677
1679 1680
1680 1679
1681 1682
1682 1681
1683 1684
1684 1683
1685 384
1685 1686
1685 1854
1685 1855
1686 384
1686 1685
1687 1688
1688 1687
1689 1690
1689 1691
1689 1692
1690 676
1690 755
1690 1152
1690 1689
1690 1691
1690 1692
1691 676
1691 755
1691 1152
1691 1689
1691 1690
1691 1692
1692 1689
1692 1690
1692 1691
1693 366
1693 1556
1693 1828
1693 1829
1694 1695
1694 1696
1695 1694
1695 1696
1695 1765
1695 1766
1696 1694
1696 1695
1697 1698
1698 1697
1699 1700
1699 1701
1699 1897
1700 1699
1700 1701
1701 1699
1701 1700
1702 1703
1702 1704
1703 1702
1703 1704
1704 1702
1704 1703
1705 1706
1705 1707
1705 1708
1706 1705
1706 1707
1706 1708
1707 1705
1707 1706
1707 1708
1707 1813
1707 1850
1708 1705
1708 1706
1708 1707
1709 1710
1709 1892
1710 1709
1711 1712
1711 1713
1712 1711
1712 1713
1713 1711
1713 1712
1714 1715
1715 1714
1715 1977
1716 1717
1717 1716
1718 1719
1718 1720
1718 1721
1719 1718
1719 1720
1719 1721
1720 1718
1720 1719
1720 1721
1721 1718
1721 1719
1721 1720
1722 1647
1722 1648
1722 1649
1723 348
1723 1575
1723 1724
1724 348
1724 1575
1724 1723
1725 1673
1725 1674
1725 1726
1726 1673
1726 1674
1726 1725
1727 828
1727 1660
1727 1728
1728 828
1728 1660
1728 1727
1729 1674
1729 1730
1730 1674
1730 1729
1731 1732
1732 145
1732 314
1732 356
1732 1166
1732 1731
1733 1734
1734 1733
1734 1994
1735 1736
1736 1735
1737 1581
1737 1738
1737 1902
1738 792
1738 1674
1738 1737
1738 1986
1739 464
1740 520
1741 1742
1741 1743
1742 1741
1742 1743
1743 1741
1743 1742
1743 1987
1743 1988
1744 1745
1745 1744
1746 85
1747 1088
1747 1978
1747 1979
1748 1600
1748 1891
1749 1750
1750 1749
1751 1752
1752 1751
1752 1927
1753 1754
1754 1753
1755 1574
1755 1575
1756 1509
1756 1757
1756 1758
1757 1509
1757 1756
1757 1758
1758 1509
1758 1756
1758 1757
1759 149
1760 1761
1761 1760
1762 1763
1763 1762
1764 1557
1765 1695
1765 1766
1765 1929
1766 1695
1766 1765
1766 1929
1767 1768
1767 1769
1768 1767
1768 1769
1769 1767
1769 1768
1770 1206
1771 144
1771 1541
1772 1773
1773 1772
1774 1775
1774 1991
1775 1774
1776 1539
1777 1672
1777 1778
1777 1779
1777 1780
1778 1672
1778 1777
1778 1779
1778 1780
1779 1672
1779 1777
1779 1778
1779 1780
1780 1777
1780 1778
1780 1779
1781 1782
1782 1781
1783 1784
1783 1799
1784 1783
1784 1799
1785 1786
1786 1785
1787 1788
1788 1787
1789 1790
1790 1789
1791 1792
1792 1791
1793 1794
1794 1793
1795 1796
1795 1949
1796 1795
1796 1949
1797 1798
1797 1874
1798 1797
1799 1783
1799 1784
1800 1801
1800 1802
1800 1840
1800 1841
1801 1800
1801 1802
1802 1800
1802 1801
1802 1840
1802 1841
1803 1573
1803 1804
1804 1573
1804 1803
1805 1806
1805 1807
1805 1985
1806 1805
1806 1807
1807 1052
1807 1805
1807 1806
1807 1928
1807 1935
1807 1985
1808 1809
1809 1808
1810 1811
1811 1810
1812 1813
1813 1707
1813 1812
1814 1815
1814 1816
1815 1814
1815 1816
1816 1814
1816 1815
1817 1557
1818 1819
1819 1818
1820 1821
1821 1820
1822 1504
1822 1823
1822 1946
1823 1504
1823 1822
1823 1859
1823 1946
1824 1825
1825 1824
1826 1827
1826 1840
1826 1841
1827 1826
1827 1840
1827 1841
1828 366
1828 1693
1828 1829
1829 366
1829 1693
1829 1828
1830 1831
1831 1830
1832 1833
1833 1832
1833 1904
1834 1418
1834 1835
1835 1418
1835 1834
1836 1556
1837 1838
1837 1839
1837 1881
1838 1837
1838 1839
1838 1881
1839 1837
1839 1838
1839 1881
1840 1800
1840 1802
1840 1826
1840 1827
1840 1841
1841 1800
1841 1802
1841 1826
1841 1827
1841 1840
1842 210
1843 1844
1843 1960
1844 1843
1844 1960
1845 1846
1846 1845
1847 1848
1847 1849
1848 1847
1848 1849
1849 1847
1849 1848
1850 1707
1851 1852
1851 1853
1852 1851
1852 1853
1853 1851
1853 1852
1854 1685
1854 1855
1855 1685
1855 1854
1855 1938
1855 1975
1856 1241
1856 1857
1856 1976
1857 1241
1857 1856
1858 1397
1859 1503
1859 1504
1859 1823
1860 1861
1861 1860
1862 1863
1863 1862
1864 1480
1864 1650
1864 1651
1864 1865
1864 1866
1864 1867
1865 1480
1865 1650
1865 1651
1865 1864
1865 1866
1865 1867
1866 1651
1866 1864
1866 1865
1867 1480
1867 1650
1867 1651
1867 1864
1867 1865
1868 965
1868 1869
1868 1870
1869 1868
1869 1870
1870 1868
1870 1869
1871 1872
1872 1531
1872 1871
1873 1031
1874 99
1874 1797
1874 1875
1874 1876
1875 99
1875 1874
1875 1876
1876 99
1876 1874
1876 1875
1877 1878
1878 1877
1879 1880
1880 1879
1881 1837
1881 1838
1881 1839
1882 1883
1883 1882
1884 97
1885 1886
1885 1887
1886 1885
1886 1887
1887 1885
1887 1886
1888 1889
1889 1888
1890 1653
1890 1655
1890 1924
1891 1748
1892 1709
1893 465
1893 1547
1894 1895
1895 1894
1896 828
1897 1699
1897 1956
1898 1899
1899 1898
1899 1952
1899 1953
1900 1901
1901 1900
1902 1581
1902 1737
1903 1665
1903 1666
1903 1904
1904 1665
1904 1666
1904 1833
1904 1903
1904 1910
1905 1906
1906 1905
1907 1563
1908 1909
1909 1908
1910 1904
1911 1912
1912 1911
1913 1515
1914 1915
1915 1914
1916 1638
1917 1518
1918 1919
1918 1920
1919 1918
1919 1920
1920 1918
1920 1919
1921 1922
1921 1923
1922 1921
1922 1923
1922 1959
1923 1921
1923 1922
1924 1676
1924 1677
1924 1890
1924 1925
1924 1926
1924 1965
1924 1992
1925 1676
1925 1677
1925 1924
1925 1926
1926 1676
1926 1677
1926 1924
1926 1925
1927 1752
1928 1807
1929 1765
1929 1766
1930 1507
1930 1931
1931 1507
1931 1930
1932 1517
1932 1625
1932 1664
1932 1665
1932 1667
1932 1933
1932 1934
1933 1517
1933 1625
1933 1664
1933 1665
1933 1667
1933 1932
1933 1934
1934 1517
1934 1625
1934 1664
1934 1665
1934 1667
1934 1932
1934 1933
1935 1807
1936 1672
1936 1937
1937 1672
1937 1936
1938 1855
1938 1939
1938 1975
1939 1938
1940 1607
1941 1942
1942 1941
1943 1657
1944 1945
1945 1944
1946 1504
1946 1822
1946 1823
1947 1948
1948 1947
1949 1795
1949 1796
1950 1951
1951 1950
1952 1899
1952 1953
1953 1899
1953 1952
1954 1955
1955 1954
1956 1897
1957 1958
1958 1957
1959 1922
1960 1843
1960 1844
1961 1962
1962 1961
1963 1561
1963 1964
1964 1561
1964 1963
1965 1924
1966 1561
1967 1968
1968 1967
1969 1066
1970 1971
1971 1970
1972 1973
1972 1974
1973 1972
1973 1974
1974 1972
1974 1973
1975 1855
1975 1938
1976 1856
1977 1715
1978 1747
1978 1979
1979 1747
1979 1978
1980 1981
1981 1980
1982 1983
1983 1982
1984 556
1985 1805
1985 1807
1986 792
1986 1674
1986 1738
1987 1743
1987 1988
1988 1743
1988 1987
1989 969
1989 1676
1989 1677
1989 1990
1990 969
1990 1676
1990 1677
1990 1989
1991 1774
1992 1924
1993 77
1994 1734
1995 1996
1996 1995
1997 1998
1998 1997
1999 2000
2000 1999
2001 410
2001 2002
2001 2003
2002 410
2002 2001
2002 2003
2003 410
2003 2001
2003 2002
2004 2005
2005 2004
2006 2007
2007 2006
2008 2009
2009 2008
2010 2011
2011 2010
2012 448
2012 2013
2012 2014
2013 2012
2013 2014
2014 2012
2014 2013
2015 2016
2015 2017
2015 2036
2016 2015
2016 2017
2017 2015
2017 2016
2018 2019
2019 2018
2019 2022
2020 425
2021 36
2021 37
2021 2023
2022 2019
2023 2021
2024 2025
2024 2033
2025 2024
2026 2027
2026 2028
2027 2026
2027 2028
2028 2026
2028 2027
2029 2030
2029 2031
2030 2029
2030 2031
2031 2029
2031 2030
2032 296
2033 2024
2034 2035
2035 2034
2036 2015
2036 2037
2037 2036
2038 2039
2038 2040
2039 2038
2039 2040
2040 2038
2040 2039
2041 2042
2042 2041
2043 2044
2044 2043
2045 2046
2045 2047
2046 2045
2047 2045
2048 2049
2049 2048
2049 2120
2050 2051
2051 2050
2052 2053
2053 2052
2054 2055
2054 2058
2055 2054
2056 2057
2057 2056
2058 2054
2059 2060
2059 2061
2060 2059
2060 2061
2060 2157
2060 2158
2061 2059
2061 2060
2062 2063
2062 2064
2063 2062
2063 2064
2064 2062
2064 2063
2065 2066
2066 2065
2067 2068
2067 2069
2068 2067
2068 2069
2069 2067
2069 2068
2070 2071
2070 2072
2070 2073
2071 2070
2071 2072
2071 2073
2072 2070
2072 2071
2072 2073
2072 2076
2073 2070
2073 2071
2073 2072
2074 2075
2075 2074
2076 2072
2077 2078
2078 2077
2078 2098
2078 2099
2078 2100
2078 2101
2078 2102
2079 1461
2079 1462
2079 2080
2080 1461
2080 1462
2080 2079
2081 2082
2081 2083
2081 2084
2082 2081
2082 2083
2082 2084
2083 2081
2083 2082
2083 2084
2083 2173
2083 2174
2084 2081
2084 2082
2084 2083
2085 2086
2086 2085
2087 2088
2088 2087
2089 945
2089 2090
2090 945
2090 2089
2091 949
2091 2092
2091 2093
2091 2207
2092 2091
2092 2093
2093 2091
2093 2092
2093 2181
2094 2095
2095 2094
2096 2097
2097 2096
2098 2078
2098 2099
2098 2100
2098 2101
2098 2102
2099 2078
2099 2098
2099 2100
2099 2101
2099 2102
2100 2078
2100 2098
2100 2099
2100 2101
2100 2102
2101 2078
2101 2098
2101 2099
2101 2100
2101 2102
2102 2078
2102 2098
2102 2099
2102 2100
2102 2101
2103 1232
2103 2104
2104 1232
2104 2103
2105 2106
2106 2105
2107 2108
2108 2107
2109 931
2109 941
2110 2111
2111 2110
2112 2113
2112 2114
2112 2115
2113 2112
2113 2114
2113 2115
2114 2112
2114 2113
2114 2115
2115 2112
2115 2113
2115 2114
2116 2117
2116 2155
2116 2210
2117 2116
2118 2119
2119 2118
2120 2049
2121 2122
2121 2123
2122 2121
2122 2123
2123 2121
2123 2122
2124 2125
2125 2124
2126 2127
2126 2128
2127 2126
2127 2128
2128 2126
2128 2127
2129 2130
2129 2131
2130 2129
2130 2131
2131 2129
2131 2130
2132 2133
2132 2134
2133 2132
2133 2134
2133 2216
2133 2219
2133 2220
2134 2132
2134 2133
2135 2136
2136 2135
2137 2138
2138 2137
2138 2215
2139 1468
2140 2141
2141 2140
2142 2143
2143 2142
2144 1448
2145 2146
2145 2147
2145 2148
2146 2145
2146 2147
2146 2148
2146 2212
2146 2213
2146 2214
2147 2145
2147 2146
2147 2148
2148 2145
2148 2146
2148 2147
2149 2150
2150 2149
2151 2152
2152 2151
2153 2154
2154 2153
2155 2116
2155 2156
2155 2210
2156 2155
2157 2060
2157 2158
2158 2060
2158 2157
2159 1449
2160 2161
2161 2160
2162 2163
2162 2170
2163 2162
2164 2165
2164 2180
2164 2181
2165 2164
2166 2167
2167 2166
2168 2169
2169 2168
2170 2162
2171 2172
2172 2171
2173 2083
2173 2174
2174 2083
2174 2173
2175 2176
2176 2175
2177 1565
2178 2179
2179 2178
2179 2211
2180 2164
2180 2181
2181 2093
2181 2164
2181 2180
2181 2198
2182 2183
2183 2182
2184 2185
2185 2184
2186 2187
2187 2186
2188 2189
2189 2188
2190 2191
2191 2190
2192 1427
2193 2194
2193 2195
2194 2193
2194 2195
2195 2193
2195 2194
2196 2197
2197 2196
2198 2181
2199 2200
2199 2201
2200 2199
2200 2201
2201 2199
2201 2200
2202 2203
2202 2204
2202 2205
2203 2202
2203 2204
2203 2205
2204 2202
2204 2203
2204 2205
2205 2202
2205 2203
2205 2204
2206 2207
2207 2091
2207 2206
2208 2209
2209 2208
2210 2116
2210 2155
2211 2179
2212 2146
2212 2213
2212 2214
2213 2146
2213 2212
2213 2214
2214 2146
2214 2212
2214 2213
2215 2138
2216 2133
2216 2217
2216 2218
2216 2219
2216 2220
2217 2216
2217 2218
2218 2216
2218 2217
2219 2133
2219 2216
2219 2220
2220 2133
2220 2216
2220 2219
2221 2222
2222 2221
2223 2224
2224 2223
