1 2
2 1
3 4
3 105
4 3
4 155
5 6
6 5
6 30
6 513
6 1958
6 1959
7 8
7 1047
8 7
8 694
8 695
8 1047
9 10
9 502
10 9
11 12
11 13
11 14
12 11
12 13
12 14
13 11
13 12
13 14
13 1044
14 11
14 12
14 13
15 16
16 15
17 18
17 26
18 17
19 20
19 894
20 19
21 22
22 21
23 24
23 25
24 23
24 25
25 23
25 24
26 17
26 27
26 264
26 265
26 282
26 381
26 588
27 26
27 143
27 144
27 145
27 534
27 535
27 557
27 713
27 758
28 29
29 28
30 6
30 46
31 32
32 31
32 33
32 1963
33 32
34 35
34 134
34 135
35 34
36 37
36 363
36 791
37 36
37 88
38 39
39 38
40 41
41 40
42 43
43 42
44 45
45 44
46 30
47 48
48 47
48 649
48 650
49 50
49 1648
50 49
51 52
51 53
52 51
52 53
53 51
53 52
54 55
54 76
54 234
55 54
55 69
55 70
55 71
55 76
55 234
55 665
56 57
57 56
58 59
58 78
58 79
58 208
58 254
58 1460
59 58
59 1460
60 61
60 62
60 74
61 60
61 62
61 74
62 60
62 61
63 64
63 65
63 91
63 508
63 1950
64 63
64 65
64 1970
64 1971
64 1972
65 63
65 64
66 67
66 68
66 638
67 66
67 68
67 111
68 66
68 67
69 55
69 70
69 71
70 55
70 69
70 71
70 119
70 323
70 324
71 55
71 69
71 70
72 73
72 1521
72 1589
73 72
73 191
74 60
74 61
74 75
74 221
74 1546
75 74
75 221
75 1520
75 1521
75 1535
75 1546
76 54
76 55
76 77
76 234
77 76
77 225
77 260
78 58
78 79
78 208
79 58
79 78
79 254
80 81
80 228
80 601
81 80
82 83
83 82
84 85
84 2019
84 2020
84 2038
85 84
85 192
85 201
85 202
86 87
87 86
88 37
89 90
89 205
90 89
91 63
92 93
92 1483
92 1845
93 92
94 95
95 94
96 97
96 1880
97 96
97 148
97 149
98 99
99 98
100 101
100 1237
101 100
102 103
102 104
102 196
103 102
103 104
103 154
103 350
103 351
103 563
103 628
103 1129
103 1176
103 1269
103 1314
103 1316
104 102
104 103
104 154
104 350
104 351
104 563
104 628
104 1129
104 1176
104 1269
104 1314
104 1316
105 3
106 107
106 343
106 967
107 106
108 109
108 110
108 1275
109 108
109 110
110 108
110 109
110 918
111 67
111 523
112 113
112 114
112 161
113 112
113 114
114 112
114 113
114 117
114 122
115 116
116 115
116 118
117 114
118 116
119 70
119 120
119 121
119 122
119 307
119 323
119 324
119 373
120 119
120 121
120 122
121 119
121 120
121 122
122 114
122 119
122 120
122 121
123 124
124 123
125 126
126 125
126 129
126 139
126 269
126 333
126 346
126 347
126 1006
126 1007
127 128
127 129
127 153
128 127
128 129
128 153
128 156
128 330
128 344
128 345
128 753
128 1753
128 1909
129 126
129 127
129 128
129 141
129 269
129 310
129 333
129 338
129 346
129 347
129 352
129 353
129 702
129 772
129 779
129 1118
129 1196
129 1299
129 1661
129 1662
129 1899
129 1900
130 131
131 130
132 133
133 132
134 34
134 135
134 489
135 34
135 134
135 360
135 906
135 907
136 137
137 136
137 180
138 139
138 140
138 681
139 126
139 138
139 140
139 145
139 324
139 359
139 360
139 375
139 380
139 770
139 771
139 778
140 138
140 139
140 681
141 129
141 142
141 269
141 333
142 141
143 27
143 144
143 145
143 358
143 623
143 770
143 924
143 925
144 27
144 143
144 145
144 731
145 27
145 139
145 143
145 144
145 324
146 147
146 171
146 892
146 893
147 146
147 736
148 97
148 149
148 1104
149 97
149 148
149 263
150 151
151 150
152 153
152 154
152 217
152 356
152 357
152 624
152 780
153 127
153 128
153 152
153 154
153 356
153 357
153 625
153 643
153 780
154 103
154 104
154 152
154 153
154 356
154 357
154 375
154 376
154 563
154 741
154 742
154 743
154 777
154 780
154 1009
154 1010
155 4
155 311
156 128
156 157
156 247
157 156
157 1711
158 159
158 160
158 751
158 752
158 873
158 874
159 158
159 160
159 588
159 589
160 158
160 159
161 112
162 163
163 162
164 165
165 164
166 167
167 166
168 169
168 170
169 168
169 170
170 168
170 169
171 146
171 739
172 173
173 172
174 175
175 174
176 177
177 176
178 179
178 1706
178 1709
178 1710
179 178
180 137
181 182
181 420
181 421
181 438
181 480
181 1512
182 181
182 314
182 318
182 438
182 460
182 773
183 184
184 183
185 186
185 406
186 185
187 188
188 187
189 190
190 189
191 73
192 85
192 193
192 201
192 202
193 192
194 195
194 538
194 539
195 194
196 102
196 197
196 1018
196 1019
197 196
198 199
199 198
200 201
201 85
201 192
201 200
201 202
202 85
202 192
202 201
203 204
204 203
205 89
206 207
207 206
208 58
208 78
209 210
210 209
211 212
212 211
213 214
214 213
215 216
216 215
217 152
217 218
217 597
217 598
218 217
218 488
218 748
219 220
220 219
221 74
221 75
221 1520
221 1521
221 1535
221 1546
222 223
222 224
222 225
222 226
222 227
223 222
223 224
224 222
224 223
225 77
225 222
225 226
225 227
225 237
225 260
226 222
226 225
226 227
226 240
227 222
227 225
227 226
228 80
228 601
229 230
230 229
231 232
231 233
231 1739
232 231
232 233
232 263
233 231
233 232
233 263
234 54
234 55
234 76
235 236
236 235
237 225
238 239
239 238
240 226
241 242
242 241
243 244
244 243
245 246
245 247
245 348
245 349
245 576
245 2084
246 245
246 247
246 2084
247 156
247 245
247 246
247 1107
247 2101
248 249
249 248
249 585
249 698
249 699
250 251
251 250
252 253
253 252
254 58
254 79
255 256
255 257
255 1822
256 255
256 257
257 255
257 256
258 259
259 258
260 77
260 225
260 1820
261 262
262 261
263 149
263 232
263 233
263 400
263 549
264 26
264 265
264 266
264 267
264 282
265 26
265 264
265 266
265 267
265 282
265 1727
265 1728
266 264
266 265
266 267
267 264
267 265
267 266
268 269
268 270
268 325
268 639
268 640
269 126
269 129
269 141
269 268
269 270
269 310
269 325
269 333
269 338
269 353
269 412
269 691
269 1006
269 1007
270 268
270 269
271 272
271 273
272 271
272 273
273 271
273 272
274 275
275 274
276 277
276 278
276 279
277 276
277 278
277 279
278 276
278 277
278 279
279 276
279 277
279 278
280 281
281 280
281 756
281 757
282 26
282 264
282 265
283 284
283 285
284 283
284 285
285 283
285 284
286 287
287 286
287 368
287 1946
288 289
289 288
290 291
290 320
290 611
291 290
292 293
292 294
292 311
293 292
293 294
294 292
294 293
294 1802
294 1803
295 296
296 295
297 298
298 297
299 300
300 299
301 302
302 301
303 304
304 303
305 306
306 305
307 119
308 309
308 807
308 808
308 809
309 308
310 129
310 269
310 412
310 725
311 155
311 292
311 312
311 637
311 740
312 311
312 637
312 740
313 314
314 182
314 313
314 318
315 316
315 317
315 791
315 1324
315 1325
316 315
316 317
317 315
317 316
317 841
317 842
318 182
318 314
319 320
320 290
320 319
320 611
321 322
321 1830
322 321
322 956
322 2029
322 2034
322 2066
323 70
323 119
323 324
324 70
324 119
324 139
324 145
324 323
325 268
325 269
326 327
327 326
328 329
329 328
330 128
331 332
332 331
333 126
333 129
333 141
333 269
333 352
333 550
333 641
333 930
334 335
334 589
334 671
334 672
335 334
336 337
336 747
337 336
338 129
338 269
339 340
339 781
340 339
341 342
341 389
341 1910
342 341
342 389
342 643
342 1642
342 1717
342 1718
342 1895
343 106
343 1045
344 128
344 345
345 128
345 344
346 126
346 129
346 347
347 126
347 129
347 346
348 245
348 349
349 245
349 348
349 366
349 367
349 435
349 458
349 563
350 103
350 104
350 351
351 103
351 104
351 350
351 629
352 129
352 333
352 353
353 129
353 269
353 352
354 355
355 354
356 152
356 153
356 154
356 357
356 1660
357 152
357 153
357 154
357 356
357 564
357 1163
357 1296
357 1487
358 143
358 379
358 380
358 916
359 139
359 360
359 1189
359 1190
359 1573
360 135
360 139
360 359
360 906
360 907
361 362
361 374
362 361
363 36
364 365
365 364
366 349
366 367
367 349
367 366
368 287
369 370
370 369
371 372
372 371
373 119
374 361
374 567
374 568
374 569
374 581
375 139
375 154
375 376
375 380
375 778
376 154
376 375
377 378
378 377
379 358
379 380
380 139
380 358
380 375
380 379
380 770
380 771
380 778
380 916
381 26
381 382
382 381
383 384
383 734
384 383
385 386
385 1901
386 385
387 388
388 387
388 398
389 341
389 342
389 390
389 391
389 392
389 393
389 505
389 506
390 389
390 391
390 392
390 393
390 412
391 389
391 390
391 392
391 393
391 995
391 1780
392 389
392 390
392 391
392 393
393 389
393 390
393 391
393 392
393 412
393 1940
394 395
394 1212
395 394
396 397
396 582
396 754
396 1139
396 1275
396 1527
396 1572
396 1770
396 1771
396 1774
396 2051
396 2052
396 2058
397 396
397 407
398 388
399 400
399 401
399 600
399 1821
400 263
400 399
400 401
400 549
401 399
401 400
402 403
403 402
404 405
405 404
406 185
406 410
406 411
407 397
408 409
408 1153
409 408
410 406
410 411
411 406
411 410
412 269
412 310
412 390
412 393
412 964
412 1156
413 414
414 413
414 422
414 1568
414 1569
415 416
415 417
416 415
416 417
417 415
417 416
418 419
419 418
420 181
420 421
420 426
420 427
420 1567
421 181
421 420
421 426
421 427
422 414
423 424
423 1673
423 1674
424 423
425 426
425 427
426 420
426 421
426 425
426 427
427 420
427 421
427 425
427 426
427 1360
427 1567
428 429
428 430
429 428
429 430
430 428
430 429
431 432
431 1913
432 431
432 463
432 793
432 1085
432 1896
432 1918
433 434
434 433
435 349
436 437
436 441
437 436
438 181
438 182
438 444
438 445
438 459
438 460
438 465
438 773
439 440
440 439
441 436
442 443
443 442
444 438
444 445
445 438
445 444
445 448
446 447
446 468
446 469
446 572
447 446
447 572
448 445
449 450
450 449
451 452
452 451
453 454
453 455
453 456
453 457
453 607
453 619
454 453
454 455
454 456
454 457
454 607
454 619
455 453
455 454
455 456
455 457
455 607
455 619
456 453
456 454
456 455
456 457
457 453
457 454
457 455
457 456
458 349
459 438
460 182
460 438
460 773
461 462
462 461
463 432
463 464
464 463
465 438
465 836
465 994
465 1195
466 467
467 466
468 446
468 469
469 446
469 468
470 471
471 470
472 473
473 472
474 475
475 474
476 477
476 599
477 476
478 479
478 481
478 482
479 478
480 181
481 478
481 482
482 478
482 481
483 484
484 483
485 486
486 485
487 488
488 218
488 487
488 748
489 134
490 491
490 492
491 490
491 492
492 490
492 491
493 494
493 495
494 493
494 495
494 1201
494 1202
494 1250
494 1251
494 1252
495 493
495 494
496 497
497 496
498 499
499 498
499 632
500 501
501 500
502 9
503 504
504 503
504 959
504 960
505 389
505 506
505 1085
506 389
506 505
506 835
506 836
506 1085
506 1136
506 1137
506 1305
507 508
507 862
507 1935
508 63
508 507
508 1950
509 510
509 511
510 509
510 511
510 1319
511 509
511 510
512 513
512 514
513 6
513 512
513 514
513 1958
513 1959
514 512
514 513
515 516
516 515
517 518
518 517
519 520
520 519
521 522
522 521
523 111
524 525
525 524
526 527
527 526
528 529
528 1340
528 1680
528 1786
529 528
529 686
530 531
530 787
530 788
531 530
532 533
533 532
534 27
534 535
535 27
535 534
536 537
537 536
538 194
538 539
539 194
539 538
540 541
541 540
542 543
543 542
544 545
545 544
546 547
546 548
547 546
547 548
547 608
548 546
548 547
548 1146
548 1161
549 263
549 400
550 333
551 552
552 551
553 554
553 1912
554 553
555 556
556 555
557 27
557 558
557 713
557 998
558 557
559 560
560 559
560 843
560 965
561 562
562 561
563 103
563 104
563 154
563 349
563 628
564 357
565 566
566 565
567 374
567 568
567 569
568 374
568 567
568 569
568 581
569 374
569 567
569 568
570 571
571 570
572 446
572 447
573 574
574 573
575 576
576 245
576 575
577 578
578 577
579 580
580 579
580 581
580 1735
580 1775
581 374
581 568
581 580
582 396
583 584
584 583
585 249
586 587
587 586
588 26
588 159
588 589
589 159
589 334
589 588
589 671
589 672
589 673
589 782
589 783
589 784
590 591
590 926
590 1314
590 1326
590 1327
591 590
592 593
593 592
594 595
594 596
595 594
595 596
596 594
596 595
597 217
597 598
598 217
598 597
599 476
600 399
600 806
601 80
601 228
602 603
602 604
602 920
602 930
602 1526
602 1527
603 602
603 604
604 602
604 603
605 606
605 607
605 620
605 621
606 605
606 607
606 612
606 613
607 453
607 454
607 455
607 605
607 606
607 619
608 547
609 610
610 609
611 290
611 320
612 606
612 613
613 606
613 612
614 615
614 616
615 614
615 616
615 817
616 614
616 615
617 618
618 617
619 453
619 454
619 455
619 607
619 1692
620 605
620 621
621 605
621 620
622 623
623 143
623 622
623 770
623 924
623 925
624 152
625 153
625 842
625 1048
625 1049
626 627
627 626
628 103
628 104
628 563
629 351
629 1911
630 631
631 630
632 499
633 634
634 633
635 636
635 1105
635 1204
635 1205
636 635
637 311
637 312
637 740
638 66
639 268
639 640
640 268
640 639
641 333
641 642
642 641
642 931
642 932
642 1203
643 153
643 342
643 1642
644 645
645 644
646 647
646 648
646 1884
647 646
647 648
648 646
648 647
649 48
649 650
650 48
650 649
651 652
651 659
651 660
652 651
653 654
654 653
655 656
655 666
656 655
657 658
658 657
659 651
659 660
660 651
660 659
661 662
662 661
663 664
664 663
665 55
666 655
667 668
668 667
669 670
670 669
671 334
671 589
671 672
671 673
672 334
672 589
672 671
672 673
673 589
673 671
673 672
674 675
675 674
676 677
676 678
676 902
677 676
677 678
678 676
678 677
679 680
679 705
679 706
680 679
681 138
681 140
682 683
682 703
682 739
682 747
682 754
682 917
683 682
684 685
685 684
686 529
687 688
688 687
689 690
690 689
691 269
692 693
693 692
694 8
694 695
695 8
695 694
696 697
696 1019
696 1020
697 696
697 755
697 1015
698 249
698 698
698 699
698 735
699 249
699 698
700 701
700 1631
701 700
702 129
702 703
702 704
702 779
702 901
703 682
703 702
703 704
703 917
704 702
704 703
705 679
705 706
706 679
706 705
707 708
708 707
708 1198
708 1230
708 1231
709 710
710 709
711 712
712 711
713 27
713 557
713 758
714 715
715 714
716 717
717 716
718 719
719 718
720 721
721 720
722 723
723 722
723 915
724 725
724 726
724 963
724 1357
724 1527
724 1532
725 310
725 724
725 726
726 724
726 725
727 728
728 727
729 730
730 729
731 144
732 733
733 732
734 383
735 698
736 147
737 738
738 737
739 171
739 682
739 747
739 754
739 1355
740 311
740 312
740 637
741 154
742 154
742 743
743 154
743 742
744 745
744 991
744 1248
744 1668
744 1669
744 1677
745 744
746 747
747 336
747 682
747 739
747 746
747 754
747 774
748 218
748 488
748 1140
749 750
749 885
750 749
751 158
751 752
752 158
752 751
752 929
753 128
753 1960
753 1961
753 1962
754 396
754 682
754 739
754 747
754 1275
754 1527
754 1774
755 697
755 1015
756 281
756 757
757 281
757 756
758 27
758 713
758 975
758 1254
758 1570
758 1571
758 1678
758 1679
758 1680
759 760
759 965
760 759
761 762
762 761
763 764
763 765
764 763
764 765
764 1016
764 1017
765 763
765 764
766 767
767 766
768 769
768 893
768 897
768 898
768 899
768 900
769 768
770 139
770 143
770 380
770 623
770 771
770 924
770 925
770 928
771 139
771 380
771 770
772 129
773 182
773 438
773 460
774 747
774 1183
775 776
776 775
777 154
778 139
778 375
778 380
779 129
779 702
780 152
780 153
780 154
781 339
782 589
782 783
782 784
783 589
783 782
783 784
784 589
784 782
784 783
784 796
784 797
784 862
785 786
785 1028
785 1029
786 785
786 810
786 1028
786 1029
787 530
787 788
787 1046
788 530
788 787
788 1046
788 1050
789 790
790 789
791 36
791 315
792 793
793 432
793 792
793 1061
793 1085
793 1473
793 1893
793 1918
793 1931
794 795
795 794
795 802
795 813
796 784
796 797
797 784
797 796
798 799
799 798
800 801
800 802
800 805
800 814
800 815
800 832
801 800
801 802
802 795
802 800
802 801
802 852
802 853
803 804
803 805
804 803
804 805
805 800
805 803
805 804
805 832
806 600
807 308
807 808
807 809
807 871
808 308
808 807
808 809
809 308
809 807
809 808
810 786
810 1112
810 1626
810 1902
811 812
812 811
813 795
814 800
814 815
815 800
815 814
815 823
815 824
816 817
816 1342
817 615
817 816
818 819
819 818
819 975
820 821
820 822
821 820
821 822
822 820
822 821
823 815
823 824
824 815
824 823
824 829
825 826
826 825
827 828
828 827
829 824
829 841
829 1126
829 1213
829 1286
829 1894
830 831
831 830
832 800
832 805
833 834
834 833
835 506
835 836
836 465
836 506
836 835
836 880
837 838
838 837
838 856
839 840
840 839
841 317
841 829
841 842
842 317
842 625
842 841
842 1048
842 1049
843 560
844 845
844 846
844 858
845 844
845 846
845 858
846 844
846 845
846 858
847 848
848 847
849 850
849 851
849 1219
849 1249
849 1299
849 1919
849 2105
850 849
850 851
850 877
850 878
851 849
851 850
851 867
851 877
851 878
852 802
852 853
852 857
853 802
853 852
854 855
855 854
856 838
856 872
857 852
858 844
858 845
858 846
858 859
859 858
859 868
860 861
861 860
862 507
862 784
862 1560
862 1935
863 864
864 863
865 866
865 867
866 865
866 867
867 851
867 865
867 866
868 859
869 870
870 869
871 807
872 856
873 158
873 874
874 158
874 873
874 1812
875 876
876 875
877 850
877 851
877 878
877 1749
878 850
878 851
878 877
879 880
880 836
880 879
881 882
882 881
883 884
884 883
885 749
886 887
887 886
888 889
888 890
888 891
889 888
889 890
889 891
889 1132
889 1133
890 888
890 889
890 891
891 888
891 889
891 890
891 922
891 923
892 146
892 893
893 146
893 768
893 892
893 897
893 898
893 899
893 900
894 19
895 896
895 1051
896 895
896 1051
896 1052
897 768
897 893
897 898
897 899
897 900
898 768
898 893
898 897
898 899
898 900
899 768
899 893
899 897
899 898
899 900
900 768
900 893
900 897
900 898
900 899
901 702
902 676
902 1273
902 1374
903 904
903 905
904 903
904 905
905 903
905 904
906 135
906 360
906 907
907 135
907 360
907 906
908 909
908 919
909 908
910 911
911 910
912 913
912 1354
913 912
914 915
915 723
915 914
915 993
916 358
916 380
917 682
917 703
917 1150
917 1276
917 1373
918 110
919 908
920 602
920 921
920 1526
920 1527
921 920
922 891
922 923
923 891
923 922
923 1166
924 143
924 623
924 770
924 925
924 928
925 143
925 623
925 770
925 924
926 590
926 927
926 1314
926 1326
926 1327
927 926
928 770
928 924
929 752
930 333
930 602
931 642
931 932
932 642
932 931
933 934
934 933
935 936
936 935
937 938
937 2018
938 937
939 940
939 1973
939 2014
939 2114
940 939
940 941
941 940
942 943
942 944
943 942
943 944
944 942
944 943
945 946
946 945
946 953
947 948
947 949
947 950
947 2031
948 947
948 949
948 950
949 947
949 948
949 950
950 947
950 948
950 949
950 1993
950 1994
951 952
952 951
953 946
954 955
955 954
955 2018
955 2050
956 322
956 2029
956 2034
956 2066
957 958
958 957
959 504
959 960
960 504
960 959
961 962
962 961
963 724
963 964
964 412
964 963
964 1156
964 1173
965 560
965 759
966 967
967 106
967 966
967 970
967 971
968 969
969 968
970 967
970 971
971 967
971 970
972 973
973 972
974 975
975 758
975 819
975 974
975 1678
975 1679
975 1680
976 977
976 978
976 1954
977 976
977 978
977 1954
978 976
978 977
979 980
980 979
981 982
981 983
982 981
982 983
982 1924
983 981
983 982
984 985
985 984
986 987
987 986
988 989
988 990
988 1069
988 1934
989 988
989 990
989 1947
990 988
990 989
990 1947
991 744
991 992
992 991
992 1493
992 1494
992 1495
992 1496
992 1521
992 1559
992 1653
992 1654
993 915
994 465
994 995
995 391
995 994
995 1619
995 1778
995 1780
996 997
997 996
998 557
999 1000
999 1001
1000 999
1000 1001
1001 999
1001 1000
1002 1003
1003 1002
1003 2091
1004 1005
1004 1008
1005 1004
1006 126
1006 269
1006 1007
1007 126
1007 269
1007 1006
1008 1004
1008 1219
1009 154
1009 1010
1010 154
1010 1009
1011 1012
1012 1011
1013 1014
1014 1013
1015 697
1015 755
1016 764
1016 1017
1017 764
1017 1016
1018 196
1018 1019
1019 196
1019 696
1019 1018
1019 1020
1020 696
1020 1019
1021 1022
1022 1021
1023 1024
1024 1023
1025 1026
1025 1027
1026 1025
1026 1027
1027 1025
1027 1026
1027 1030
1028 785
1028 786
1028 1029
1029 785
1029 786
1029 1028
1030 1027
1031 1032
1031 1033
1032 1031
1032 1033
1033 1031
1033 1032
1034 1035
1034 1036
1035 1034
1035 1036
1036 1034
1036 1035
1037 1038
1038 1037
1038 1289
1039 1040
1039 1041
1039 1042
1040 1039
1041 1039
1041 1042
1042 1039
1042 1041
1043 1044
1044 13
1044 1043
1045 343
1046 787
1046 788
1046 1050
1047 7
1047 8
1048 625
1048 842
1048 1049
1049 625
1049 842
1049 1048
1049 1110
1049 1119
1049 1131
1049 1339
1049 1347
1049 1348
1049 1349
1050 788
1050 1046
1051 895
1051 896
1051 1121
1052 896
1053 1054
1054 1053
1055 1056
1056 1055
1057 1058
1058 1057
1058 1065
1058 1066
1058 1095
1059 1060
1059 1061
1059 1062
1060 1059
1060 1061
1060 1062
1061 793
1061 1059
1061 1060
1061 1062
1061 1893
1062 1059
1062 1060
1062 1061
1063 1064
1064 1063
1064 1305
1064 1427
1064 1428
1065 1058
1065 1066
1065 1095
1066 1058
1066 1065
1067 1068
1068 1067
1069 988
1069 1302
1070 1071
1071 1070
1072 1073
1073 1072
1074 1075
1075 1074
1076 1077
1076 1078
1076 1105
1077 1076
1078 1076
1078 1079
1078 1080
1078 1081
1078 1105
1079 1078
1079 1080
1079 1081
1080 1078
1080 1079
1080 1081
1080 1096
1080 1097
1080 1122
1080 1123
1080 1328
1080 1331
1080 1346
1081 1078
1081 1079
1081 1080
1082 1083
1083 1082
1083 1084
1084 1083
1085 432
1085 505
1085 506
1085 793
1085 1086
1085 1142
1085 1143
1085 1190
1085 1583
1085 1918
1086 1085
1086 1108
1086 1439
1087 1088
1087 1089
1087 1348
1088 1087
1088 1089
1089 1087
1089 1088
1090 1091
1091 1090
1091 1356
1092 1093
1092 1094
1093 1092
1093 1094
1094 1092
1094 1093
1095 1058
1095 1065
1096 1080
1096 1097
1096 1122
1096 1123
1096 1230
1096 1293
1096 1445
1097 1080
1097 1096
1097 1122
1097 1123
1098 1099
1099 1098
1100 1101
1101 1100
1102 1103
1103 1102
1104 148
1104 1121
1105 635
1105 1076
1105 1078
1105 1204
1105 1205
1106 1107
1106 1108
1107 247
1107 1106
1107 1108
1107 2101
1108 1086
1108 1106
1108 1107
1108 1141
1108 1163
1108 1297
1108 1298
1108 1439
1109 1110
1110 1049
1110 1109
1110 1119
1110 1131
1110 1339
1110 1347
1110 1348
1110 1349
1111 1112
1111 1113
1112 810
1112 1111
1112 1113
1113 1111
1113 1112
1114 1115
1114 1432
1115 1114
1116 1117
1117 1116
1118 129
1119 1049
1119 1110
1119 1120
1119 1131
1119 1339
1119 1347
1119 1348
1119 1349
1120 1119
1121 1051
1121 1104
1122 1080
1122 1096
1122 1097
1122 1123
1123 1080
1123 1096
1123 1097
1123 1122
1124 1125
1124 1126
1124 1127
1124 1128
1125 1124
1125 1126
1125 1127
1125 1128
1126 829
1126 1124
1126 1125
1126 1127
1126 1128
1126 1286
1127 1124
1127 1125
1127 1126
1127 1128
1128 1124
1128 1125
1128 1126
1128 1127
1128 1928
1128 1929
1129 103
1129 104
1129 1130
1129 1131
1129 1176
1129 1269
1130 1129
1130 1131
1131 1049
1131 1110
1131 1119
1131 1129
1131 1130
1131 1339
1131 1347
1131 1348
1131 1349
1132 889
1132 1133
1133 889
1133 1132
1134 1135
1135 1134
1136 506
1136 1137
1136 1293
1137 506
1137 1136
1138 1139
1139 396
1139 1138
1139 1444
1140 748
1141 1108
1142 1085
1142 1143
1142 1375
1143 1085
1143 1142
1144 1145
1144 1264
1144 1265
1145 1144
1146 548
1146 1147
1146 1161
1147 1146
1147 1188
1148 1149
1149 1148
1150 917
1150 1373
1151 1152
1152 1151
1153 408
1153 1181
1154 1155
1155 1154
1155 1236
1155 1289
1156 412
1156 964
1156 1172
1156 1173
1157 1158
1158 1157
1158 1177
1158 1180
1158 1220
1158 1235
1158 1261
1158 1313
1159 1160
1160 1159
1160 1260
1161 548
1161 1146
1161 1162
1161 1245
1161 1259
1161 1306
1162 1161
1163 357
1163 1108
1163 1296
1164 1165
1165 1164
1165 1179
1166 923
1166 1224
1167 1168
1167 1279
1168 1167
1169 1170
1169 1171
1170 1169
1170 1171
1171 1169
1171 1170
1171 1249
1172 1156
1172 1173
1172 1270
1173 964
1173 1156
1173 1172
1173 1182
1174 1175
1175 1174
1176 103
1176 104
1176 1129
1176 1269
1176 1314
1176 1316
1177 1158
1178 1179
1178 1287
1179 1165
1179 1178
1180 1158
1181 1153
1182 1173
1183 774
1183 1781
1184 1185
1185 1184
1186 1187
1187 1186
1188 1147
1188 1296
1189 359
1189 1190
1190 359
1190 1085
1190 1189
1191 1192
1192 1191
1193 1194
1194 1193
1195 465
1196 129
1197 1198
1197 1244
1197 1266
1197 1268
1198 708
1198 1197
1198 1206
1198 1207
1198 1244
1199 1200
1199 1234
1200 1199
1200 1239
1201 494
1201 1202
1201 1250
1201 1251
1201 1252
1202 494
1202 1201
1203 642
1203 1234
1203 1245
1203 1280
1204 635
1204 1105
1204 1205
1205 635
1205 1105
1205 1204
1206 1198
1206 1207
1206 1208
1206 1209
1207 1198
1207 1206
1207 1208
1207 1209
1207 1265
1208 1206
1208 1207
1208 1209
1209 1206
1209 1207
1209 1208
1210 1211
1211 1210
1212 394
1213 829
1214 1215
1214 1922
1215 1214
1216 1217
1216 1218
1217 1216
1217 1218
1218 1216
1218 1217
1219 849
1219 1008
1219 1249
1220 1158
1221 1222
1221 1223
1222 1221
1222 1223
1222 1314
1223 1221
1223 1222
1224 1166
1225 1226
1225 1227
1226 1225
1226 1227
1227 1225
1227 1226
1228 1229
1229 1228
1230 708
1230 1096
1230 1231
1230 1293
1230 1445
1231 708
1231 1230
1231 2137
1231 2138
1232 1233
1233 1232
1233 1238
1233 1255
1233 1256
1234 1199
1234 1203
1234 1245
1234 1280
1234 1288
1235 1158
1236 1155
1237 100
1238 1233
1239 1200
1240 1241
1241 1240
1242 1243
1243 1242
1244 1197
1244 1198
1244 1268
1244 1292
1245 1161
1245 1203
1245 1234
1245 1246
1245 1247
1245 1280
1245 1306
1246 1245
1246 1247
1247 1245
1247 1246
1247 1930
1248 744
1249 849
1249 1171
1249 1219
1250 494
1250 1201
1251 494
1251 1201
1251 1252
1252 494
1252 1201
1252 1251
1253 1254
1254 758
1254 1253
1255 1233
1255 1256
1256 1233
1256 1255
1257 1258
1258 1257
1259 1161
1259 1722
1260 1160
1261 1158
1262 1263
1263 1262
1264 1144
1264 1265
1265 1144
1265 1207
1265 1264
1265 1285
1266 1197
1267 1268
1267 1315
1268 1197
1268 1244
1268 1267
1268 1315
1269 103
1269 104
1269 1129
1269 1176
1269 1388
1270 1172
1271 1272
1272 1271
1273 902
1273 1274
1273 1374
1274 1273
1274 1436
1275 108
1275 396
1275 754
1275 1527
1275 1774
1276 917
1277 1278
1277 1309
1278 1277
1279 1167
1280 1203
1280 1234
1280 1245
1281 1282
1282 1281
1283 1284
1284 1283
1285 1265
1286 829
1286 1126
1287 1178
1288 1234
1289 1038
1289 1155
1289 1849
1290 1291
1291 1290
1292 1244
1293 1096
1293 1136
1293 1230
1293 1333
1293 1350
1293 1445
1294 1295
1295 1294
1296 357
1296 1163
1296 1188
1297 1108
1297 1298
1298 1108
1298 1297
1299 129
1299 849
1299 1300
1299 1301
1300 1299
1300 1301
1301 1299
1301 1300
1302 1069
1303 1304
1304 1303
1305 506
1305 1064
1305 1427
1305 1428
1306 1161
1306 1245
1307 1308
1308 1307
1309 1277
1310 1311
1310 1312
1311 1310
1311 1312
1312 1310
1312 1311
1313 1158
1314 103
1314 104
1314 590
1314 926
1314 1176
1314 1222
1314 1316
1314 1320
1314 1326
1314 1327
1314 1436
1315 1267
1315 1268
1316 103
1316 104
1316 1176
1316 1314
1317 1318
1318 1317
1319 510
1320 1314
1320 1321
1320 1436
1321 1320
1322 1323
1323 1322
1324 315
1324 1325
1324 1964
1325 315
1325 1324
1326 590
1326 926
1326 1314
1326 1327
1326 1343
1327 590
1327 926
1327 1314
1327 1326
1328 1080
1329 1330
1330 1329
1331 1080
1331 1332
1331 1346
1332 1331
1333 1293
1334 1335
1335 1334
1336 1337
1337 1336
1338 1339
1339 1049
1339 1110
1339 1119
1339 1131
1339 1338
1339 1347
1339 1348
1339 1349
1340 528
1340 1341
1340 1680
1340 1786
1341 1340
1341 1816
1341 1817
1342 816
1343 1326
1344 1345
1345 1344
1346 1080
1346 1331
1347 1049
1347 1110
1347 1119
1347 1131
1347 1339
1347 1348
1347 1349
1348 1049
1348 1087
1348 1110
1348 1119
1348 1131
1348 1339
1348 1347
1348 1349
1349 1049
1349 1110
1349 1119
1349 1131
1349 1339
1349 1347
1349 1348
1350 1293
1350 1351
1351 1350
1352 1353
1353 1352
1354 912
1355 739
1355 1370
1355 1371
1356 1091
1356 1923
1357 724
1358 1359
1359 1358
1360 427
1361 1362
1361 1365
1361 1384
1362 1361
1363 1364
1364 1363
1365 1361
1366 1367
1367 1366
1367 2070
1368 1369
1368 1977
1368 2028
1369 1368
1369 2037
1370 1355
1370 1371
1371 1355
1371 1370
1372 1373
1372 1652
1373 917
1373 1150
1373 1372
1374 902
1374 1273
1375 1142
1375 1387
1376 1377
1377 1376
1378 1379
1379 1378
1380 1381
1381 1380
1381 1786
1382 1383
1383 1382
1384 1361
1385 1386
1386 1385
1387 1375
1388 1269
1389 1390
1390 1389
1391 1392
1392 1391
1393 1394
1394 1393
1394 1445
1395 1396
1396 1395
1397 1398
1398 1397
1398 1417
1399 1400
1399 1401
1399 2096
1400 1399
1400 1401
1400 2096
1401 1399
1401 1400
1402 1403
1403 1402
1404 1405
1405 1404
1405 2014
1405 2015
1406 1407
1406 1408
1406 1409
1407 1406
1407 1408
1407 1409
1407 1415
1408 1406
1408 1407
1408 1409
1408 1415
1409 1406
1409 1407
1409 1408
1410 1411
1410 1412
1410 2100
1411 1410
1411 1412
1411 2100
1412 1410
1412 1411
1412 2124
1412 2125
1413 1414
1413 2078
1414 1413
1415 1407
1415 1408
1416 1417
1416 1418
1417 1398
1417 1416
1417 1418
1418 1416
1418 1417
1419 1420
1419 1421
1420 1419
1420 2079
1421 1419
1422 1423
1423 1422
1424 1425
1424 1426
1425 1424
1425 1426
1426 1424
1426 1425
1427 1064
1427 1305
1427 1428
1428 1064
1428 1305
1428 1427
1429 1430
1429 1431
1429 1574
1429 1575
1429 1576
1429 1641
1430 1429
1430 1431
1431 1429
1431 1430
1432 1114
1433 1434
1433 1435
1434 1433
1434 1435
1435 1433
1435 1434
1436 1274
1436 1314
1436 1320
1437 1438
1438 1437
1439 1086
1439 1108
1440 1441
1441 1440
1442 1443
1442 1813
1443 1442
1443 1813
1444 1139
1445 1096
1445 1230
1445 1293
1445 1394
1446 1447
1447 1446
1447 1448
1448 1447
1449 1450
1450 1449
1450 1600
1450 1601
1451 1452
1451 1554
1451 1555
1451 1659
1451 1807
1452 1451
1453 1454
1453 1533
1453 1534
1454 1453
1455 1456
1456 1455
1457 1458
1457 1459
1458 1457
1458 1459
1459 1457
1459 1458
1459 1556
1459 1643
1459 1644
1460 58
1460 59
1461 1462
1461 1463
1461 1488
1461 1489
1461 1490
1461 1837
1461 1863
1462 1461
1462 1463
1462 1837
1462 1838
1462 1839
1462 1863
1463 1461
1463 1462
1463 1488
1463 1489
1463 1490
1463 1837
1463 1863
1464 1465
1465 1464
1466 1467
1467 1466
1468 1469
1469 1468
1470 1471
1470 1472
1470 1584
1470 1681
1471 1470
1471 1472
1471 1681
1472 1470
1472 1471
1472 1736
1472 1737
1473 793
1474 1475
1475 1474
1476 1477
1476 1649
1477 1476
1478 1479
1479 1478
1480 1481
1481 1480
1482 1483
1482 1486
1482 1550
1483 92
1483 1482
1483 1550
1483 1845
1484 1485
1484 1835
1484 1836
1484 1846
1484 1868
1485 1484
1486 1482
1487 357
1488 1461
1488 1463
1488 1489
1488 1490
1489 1461
1489 1463
1489 1488
1489 1490
1490 1461
1490 1463
1490 1488
1490 1489
1491 1492
1492 1491
1493 992
1493 1494
1493 1495
1493 1496
1493 1653
1494 992
1494 1493
1494 1495
1494 1496
1494 1653
1495 992
1495 1493
1495 1494
1495 1496
1495 1653
1496 992
1496 1493
1496 1494
1496 1495
1496 1653
1497 1498
1497 1499
1497 1682
1497 1683
1498 1497
1498 1499
1498 1682
1498 1683
1499 1497
1499 1498
1499 1682
1499 1683
1500 1501
1500 1502
1501 1500
1501 1502
1502 1500
1502 1501
1502 1505
1502 1506
1503 1504
1504 1503
1505 1502
1505 1506
1506 1502
1506 1505
1507 1508
1508 1507
1508 1509
1509 1508
1509 1541
1510 1511
1510 1723
1511 1510
1512 181
1513 1514
1513 1515
1514 1513
1514 1515
1515 1513
1515 1514
1516 1517
1517 1516
1518 1519
1518 1634
1518 1656
1518 1657
1518 1874
1518 1875
1518 1876
1518 1877
1518 1878
1518 1879
1519 1518
1519 1656
1519 1657
1519 1874
1519 1875
1519 1876
1519 1877
1519 1878
1519 1879
1520 75
1520 221
1520 1521
1520 1535
1521 72
1521 75
1521 221
1521 992
1521 1520
1521 1559
1521 1589
1521 1707
1521 1708
1522 1523
1522 1524
1522 1525
1523 1522
1523 1524
1523 1525
1524 1522
1524 1523
1524 1525
1525 1522
1525 1523
1525 1524
1526 602
1526 920
1526 1527
1527 396
1527 602
1527 724
1527 754
1527 920
1527 1275
1527 1526
1527 1532
1527 1774
1528 1529
1528 1530
1528 1531
1529 1528
1529 1530
1529 1531
1530 1528
1530 1529
1530 1531
1531 1528
1531 1529
1531 1530
1532 724
1532 1527
1532 1787
1532 1788
1533 1453
1533 1534
1534 1453
1534 1533
1534 1795
1535 75
1535 221
1535 1520
1536 1537
1537 1536
1538 1539
1538 1540
1539 1538
1539 1540
1540 1538
1540 1539
1541 1509
1541 1542
1541 1543
1541 2026
1542 1541
1542 1543
1543 1541
1543 1542
1544 1545
1544 1566
1544 1628
1545 1544
1545 1566
1545 1628
1546 74
1546 75
1546 221
1547 1548
1547 1549
1548 1547
1548 1549
1549 1547
1549 1548
1550 1482
1550 1483
1551 1552
1552 1551
1553 1554
1553 1555
1553 1948
1554 1451
1554 1553
1554 1555
1555 1451
1555 1553
1555 1554
1556 1459
1557 1558
1558 1557
1559 992
1559 1521
1560 862
1561 1562
1562 1561
1563 1564
1563 1565
1563 1566
1564 1563
1564 1565
1564 1566
1565 1563
1565 1564
1565 1566
1565 1569
1565 1790
1565 1791
1566 1544
1566 1545
1566 1563
1566 1564
1566 1565
1567 420
1567 427
1568 414
1568 1569
1569 414
1569 1565
1569 1568
1569 1790
1569 1791
1570 758
1570 1571
1571 758
1571 1570
1571 1768
1571 1769
1572 396
1573 359
1574 1429
1574 1575
1574 1576
1575 1429
1575 1574
1575 1576
1576 1429
1576 1574
1576 1575
1576 1999
1576 2000
1577 1578
1578 1577
1578 1630
1578 1750
1579 1580
1580 1579
1581 1582
1582 1581
1582 1789
1583 1085
1583 1708
1583 1753
1584 1470
1585 1586
1585 1752
1586 1585
1587 1588
1588 1587
1589 72
1589 1521
1590 1591
1591 1590
1592 1593
1592 1594
1593 1592
1593 1594
1594 1592
1594 1593
1595 1596
1595 1656
1595 1657
1596 1595
1596 1656
1596 1657
1597 1598
1597 1599
1598 1597
1598 1599
1599 1597
1599 1598
1600 1450
1600 1601
1601 1450
1601 1600
1602 1603
1603 1602
1604 1605
1605 1604
1606 1607
1606 1608
1607 1606
1607 1608
1607 2129
1608 1606
1608 1607
1609 1610
1610 1609
1610 1693
1611 1612
1612 1611
1613 1614
1614 1613
1615 1616
1616 1615
1617 1618
1617 1619
1618 1617
1618 1619
1619 995
1619 1617
1619 1618
1620 1621
1621 1620
1622 1623
1623 1622
1624 1625
1625 1624
1626 810
1626 1627
1626 1729
1626 1902
1627 1626
1627 1700
1628 1544
1628 1545
1628 1629
1629 1628
1630 1578
1630 1750
1631 700
1632 1633
1633 1632
1634 1518
1635 1636
1636 1635
1637 1638
1637 1639
1637 1640
1638 1637
1638 1639
1638 1640
1639 1637
1639 1638
1639 1640
1640 1637
1640 1638
1640 1639
1641 1429
1641 1984
1641 1985
1641 1995
1641 2030
1642 342
1642 643
1643 1459
1643 1644
1644 1459
1644 1643
1645 1646
1646 1645
1647 1648
1648 49
1648 1647
1648 1655
1649 1476
1650 1651
1651 1650
1652 1372
1653 992
1653 1493
1653 1494
1653 1495
1653 1496
1653 1654
1654 992
1654 1653
1655 1648
1656 1518
1656 1519
1656 1595
1656 1596
1656 1657
1656 1874
1656 1875
1656 1876
1656 1877
1656 1878
1656 1879
1657 1518
1657 1519
1657 1595
1657 1596
1657 1656
1657 1874
1657 1875
1657 1876
1657 1877
1657 1878
1657 1879
1658 1659
1659 1451
1659 1658
1659 1807
1660 356
1661 129
1661 1662
1662 129
1662 1661
1663 1664
1664 1663
1665 1666
1665 1667
1666 1665
1666 1667
1666 1721
1667 1665
1667 1666
1668 744
1668 1669
1669 744
1669 1668
1669 1751
1669 1792
1670 1671
1670 1672
1671 1670
1671 1672
1672 1670
1672 1671
1673 423
1673 1674
1674 423
1674 1673
1675 1676
1676 1675
1677 744
1678 758
1678 975
1678 1679
1678 1680
1679 758
1679 975
1679 1678
1679 1680
1680 528
1680 758
1680 975
1680 1340
1680 1678
1680 1679
1680 1786
1681 1470
1681 1471
1682 1497
1682 1498
1682 1499
1682 1683
1683 1497
1683 1498
1683 1499
1683 1682
1684 1685
1684 1686
1685 1684
1685 1686
1686 1684
1686 1685
1687 1688
1687 1689
1688 1687
1688 1689
1689 1687
1689 1688
1690 1691
1691 1690
1692 619
1693 1610
1694 1695
1694 1696
1694 1697
1695 1694
1695 1696
1695 1697
1696 1694
1696 1695
1696 1697
1697 1694
1697 1695
1697 1696
1698 1699
1699 1698
1699 1730
1700 1627
1700 1701
1701 1700
1702 1703
1702 1704
1702 1705
1703 1702
1703 1704
1703 1705
1704 1702
1704 1703
1704 1705
1705 1702
1705 1703
1705 1704
1706 178
1707 1521
1707 1708
1708 1521
1708 1583
1708 1707
1708 1753
1709 178
1709 1710
1709 1854
1709 1855
1709 1883
1710 178
1710 1709
1710 1883
1711 157
1712 1713
1712 1714
1713 1712
1713 1714
1713 1731
1714 1712
1714 1713
1715 1716
1716 1715
1717 342
1717 1718
1718 342
1718 1717
1719 1720
1720 1719
1721 1666
1722 1259
1723 1510
1723 1724
1724 1723
1724 1744
1725 1726
1726 1725
1727 265
1727 1728
1728 265
1728 1727
1729 1626
1730 1699
1731 1713
1732 1733
1732 1734
1733 1732
1733 1734
1734 1732
1734 1733
1735 580
1736 1472
1736 1737
1737 1472
1737 1736
1738 1739
1739 231
1739 1738
1740 1741
1741 1740
1742 1743
1743 1742
1744 1724
1745 1746
1745 2077
1746 1745
1747 1748
1748 1747
1749 877
1750 1578
1750 1630
1751 1669
1752 1585
1753 128
1753 1583
1753 1708
1753 1842
1754 1755
1755 1754
1756 1757
1757 1756
1758 1759
1758 1760
1759 1758
1759 1760
1760 1758
1760 1759
1760 1784
1760 1785
1761 1762
1761 1763
1762 1761
1762 1763
1763 1761
1763 1762
1764 1765
1765 1764
1766 1767
1766 1826
1766 1827
1766 1828
1766 1829
1767 1766
1768 1571
1768 1769
1769 1571
1769 1768
1770 396
1770 1771
1771 396
1771 1770
1772 1773
1773 1772
1774 396
1774 754
1774 1275
1774 1527
1775 580
1776 1777
1777 1776
1778 995
1778 1779
1779 1778
1780 391
1780 995
1781 1183
1782 1783
1783 1782
1784 1760
1784 1785
1785 1760
1785 1784
1786 528
1786 1340
1786 1381
1786 1680
1787 1532
1787 1788
1788 1532
1788 1787
1789 1582
1790 1565
1790 1569
1790 1791
1791 1565
1791 1569
1791 1790
1792 1669
1793 1794
1794 1793
1795 1534
1796 1797
1797 1796
1798 1799
1799 1798
1800 1801
1801 1800
1802 294
1802 1803
1803 294
1803 1802
1804 1805
1804 1806
1805 1804
1805 1806
1806 1804
1806 1805
1807 1451
1807 1659
1808 1809
1809 1808
1809 1825
1809 1856
1810 1811
1811 1810
1812 874
1813 1442
1813 1443
1814 1815
1815 1814
1816 1341
1816 1817
1817 1341
1817 1816
1818 1819
1819 1818
1820 260
1821 399
1822 255
1823 1824
1824 1823
1824 1831
1825 1809
1826 1766
1826 1827
1826 1828
1826 1829
1827 1766
1827 1826
1827 1828
1827 1829
1828 1766
1828 1826
1828 1827
1828 1829
1829 1766
1829 1826
1829 1827
1829 1828
1830 321
1831 1824
1832 1833
1832 1834
1833 1832
1833 1834
1834 1832
1834 1833
1835 1484
1835 1836
1836 1484
1836 1835
1837 1461
1837 1462
1837 1463
1837 1838
1837 1839
1837 1863
1838 1462
1838 1837
1838 1839
1839 1462
1839 1837
1839 1838
1840 1841
1841 1840
1842 1753
1843 1844
1844 1843
1845 92
1845 1483
1846 1484
1847 1848
1848 1847
1849 1289
1850 1851
1851 1850
1852 1853
1853 1852
1854 1709
1854 1855
1855 1709
1855 1854
1856 1809
1857 1858
1858 1857
1859 1860
1859 1953
1860 1859
1861 1862
1862 1861
1863 1461
1863 1462
1863 1463
1863 1837
1864 1865
1865 1864
1866 1867
1867 1866
1868 1484
1869 1870
1870 1869
1871 1872
1871 1873
1872 1871
1872 1873
1873 1871
1873 1872
1874 1518
1874 1519
1874 1656
1874 1657
1874 1875
1874 1876
1874 1877
1874 1878
1874 1879
1875 1518
1875 1519
1875 1656
1875 1657
1875 1874
1875 1876
1875 1877
1875 1878
1875 1879
1876 1518
1876 1519
1876 1656
1876 1657
1876 1874
1876 1875
1876 1877
1876 1878
1876 1879
1877 1518
1877 1519
1877 1656
1877 1657
1877 1874
1877 1875
1877 1876
1877 1878
1877 1879
1878 1518
1878 1519
1878 1656
1878 1657
1878 1874
1878 1875
1878 1876
1878 1877
1878 1879
1879 1518
1879 1519
1879 1656
1879 1657
1879 1874
1879 1875
1879 1876
1879 1877
1879 1878
1880 96
1881 1882
1882 1881
1883 1709
1883 1710
1884 646
1885 1886
1886 1885
1886 1887
1887 1886
1888 1889
1888 1890
1889 1888
1889 1890
1890 1888
1890 1889
1891 1892
1892 1891
1893 793
1893 1061
1894 829
1895 342
1896 432
1897 1898
1898 1897
1899 129
1899 1900
1900 129
1900 1899
1901 385
1902 810
1902 1626
1903 1904
1904 1903
1905 1906
1906 1905
1907 1908
1908 1907
1909 128
1910 341
1911 629
1912 553
1913 431
1914 1915
1915 1914
1916 1917
1917 1916
1918 432
1918 793
1918 1085
1919 849
1920 1921
1921 1920
1922 1214
1923 1356
1924 982
1925 1926
1925 1927
1926 1925
1926 1927
1927 1925
1927 1926
1928 1128
1928 1929
1929 1128
1929 1928
1930 1247
1931 793
1932 1933
1933 1932
1934 988
1935 507
1935 862
1936 1937
1937 1936
1938 1939
1939 1938
1939 1941
1940 393
1941 1939
1942 1943
1943 1942
1944 1945
1944 1949
1945 1944
1945 1949
1946 287
1947 989
1947 990
1948 1553
1949 1944
1949 1945
1950 63
1950 508
1951 1952
1952 1951
1953 1859
1954 976
1954 977
1955 1956
1956 1955
1957 1958
1957 1959
1958 6
1958 513
1958 1957
1958 1959
1959 6
1959 513
1959 1957
1959 1958
1960 753
1960 1961
1960 1962
1961 753
1961 1960
1961 1962
1962 753
1962 1960
1962 1961
1962 1967
1963 32
1964 1324
1965 1966
1966 1965
1967 1962
1968 1969
1969 1968
1970 64
1970 1971
1970 1972
1971 64
1971 1970
1971 1972
1972 64
1972 1970
1972 1971
1972 2013
1973 939
1974 1975
1975 1974
1976 1977
1976 1978
1977 1368
1977 1976
1977 1978
1977 2028
1978 1976
1978 1977
1978 2117
1978 2118
1979 1980
1980 1979
1980 2035
1980 2036
1981 1982
1981 1983
1981 2045
1982 1981
1982 1983
1983 1981
1983 1982
1983 2023
1983 2024
1984 1641
1984 1985
1984 1995
1984 2030
1985 1641
1985 1984
1985 1995
1985 2029
1985 2030
1986 1987
1986 1988
1987 1986
1987 1988
1988 1986
1988 1987
1988 2134
1989 1990
1990 1989
1990 2001
1991 1992
1992 1991
1993 950
1993 1994
1993 2027
1994 950
1994 1993
1995 1641
1995 1984
1995 1985
1995 1996
1995 2030
1996 1995
1997 1998
1998 1997
1999 1576
1999 2000
2000 1576
2000 1999
2001 1990
2001 2025
2002 2003
2003 2002
2004 2005
2004 2006
2004 2007
2004 2008
2005 2004
2005 2006
2005 2007
2005 2008
2006 2004
2006 2005
2006 2007
2006 2008
2007 2004
2007 2005
2007 2006
2007 2008
2008 2004
2008 2005
2008 2006
2008 2007
2009 2010
2009 2011
2010 2009
2010 2011
2010 2063
2010 2064
2011 2009
2011 2010
2011 2063
2011 2064
2012 2013
2012 2088
2013 1972
2013 2012
2014 939
2014 1405
2014 2015
2014 2114
2015 1405
2015 2014
2015 2119
2015 2120
2016 2017
2017 2016
2018 937
2018 955
2018 2050
2019 84
2019 2020
2020 84
2020 2019
2021 2022
2022 2021
2022 2023
2022 2024
2023 1983
2023 2022
2023 2024
2024 1983
2024 2022
2024 2023
2025 2001
2026 1541
2027 1993
2028 1368
2028 1977
2029 322
2029 956
2029 1985
2029 2030
2029 2034
2030 1641
2030 1984
2030 1985
2030 1995
2030 2029
2031 947
2032 2033
2033 2032
2034 322
2034 956
2034 2029
2035 1980
2035 2036
2036 1980
2036 2035
2037 1369
2037 2044
2038 84
2039 2040
2039 2053
2040 2039
2041 2042
2042 2041
2043 2044
2044 2037
2044 2043
2045 1981
2046 2047
2046 2067
2046 2068
2046 2069
2047 2046
2048 2049
2049 2048
2050 955
2050 2018
2051 396
2051 2052
2052 396
2052 2051
2053 2039
2054 2055
2055 2054
2056 2057
2057 2056
2058 396
2059 2060
2059 2061
2059 2062
2060 2059
2060 2061
2060 2062
2061 2059
2061 2060
2061 2062
2062 2059
2062 2060
2062 2061
2063 2010
2063 2011
2063 2064
2063 2065
2064 2010
2064 2011
2064 2063
2064 2065
2065 2063
2065 2064
2066 322
2066 956
2067 2046
2067 2068
2067 2069
2067 2099
2068 2046
2068 2067
2068 2069
2069 2046
2069 2067
2069 2068
2070 1367
2071 2072
2071 2073
2071 2074
2072 2071
2072 2073
2073 2071
2073 2072
2073 2074
2074 2071
2074 2073
2075 2076
2076 2075
2077 1745
2078 1413
2079 1420
2080 2081
2081 2080
2082 2083
2083 2082
2084 245
2084 246
2085 2086
2085 2087
2086 2085
2087 2085
2088 2012
2089 2090
2090 2089
2091 1003
2091 2104
2092 2093
2093 2092
2094 2095
2094 2116
2095 2094
2095 2113
2096 1399
2096 1400
2097 2098
2098 2097
2099 2067
2100 1410
2100 1411
2100 2115
2101 247
2101 1107
2102 2103
2103 2102
2104 2091
2105 849
2106 2107
2107 2106
2108 2109
2108 2110
2109 2108
2109 2110
2110 2108
2110 2109
2111 2112
2112 2111
2113 2095
2114 939
2114 2014
2115 2100
2116 2094
2117 1978
2117 2118
2118 1978
2118 2117
2119 2015
2119 2120
2120 2015
2120 2119
2121 2122
2121 2123
2122 2121
2122 2123
2123 2121
2123 2122
2124 1412
2124 2125
2125 1412
2125 2124
2126 2127
2126 2128
2127 2126
2127 2128
2128 2126
2128 2127
2129 1607
2130 2131
2131 2130
2132 2133
2133 2132
2134 1988
2134 2135
2134 2136
2135 2134
2135 2136
2136 2134
2136 2135
2137 1231
2137 2138
2138 1231
2138 2137
2139 2140
2139 2141
2140 2139
2140 2141
2141 2139
2141 2140
