1 2
1 547
2 1
2 547
3 4
3 5
3 6
4 3
4 5
4 6
5 3
5 4
5 6
6 3
6 4
6 5
6 174
7 8
8 7
9 10
9 11
10 9
10 11
11 9
11 10
11 737
12 13
12 14
12 15
13 12
13 14
13 15
14 12
14 13
14 15
15 12
15 13
15 14
16 17
17 16
17 1052
18 19
19 18
20 21
20 60
21 20
22 23
23 22
24 25
24 26
25 24
25 26
26 24
26 25
27 28
27 29
28 27
28 29
28 39
29 27
29 28
29 48
30 31
30 32
30 38
30 69
30 1076
31 30
31 32
31 38
31 1029
31 1076
32 30
32 31
32 46
32 47
32 56
32 57
32 1075
32 1076
33 34
33 35
33 45
34 33
34 35
34 45
35 33
35 34
35 45
36 37
36 1565
37 36
37 775
37 922
37 929
37 930
37 937
38 30
38 31
38 294
38 1029
39 28
39 284
40 41
40 279
40 280
41 40
42 43
42 44
42 783
43 42
43 44
44 42
44 43
45 33
45 34
45 35
45 88
45 89
45 802
45 803
46 32
46 47
46 57
47 32
47 46
48 29
49 50
49 804
50 49
50 267
50 1427
51 52
52 51
53 54
53 55
54 53
54 55
55 53
55 54
55 134
55 1010
56 32
56 57
57 32
57 46
57 56
57 843
57 844
57 1075
57 1088
58 59
59 58
60 20
61 62
61 63
62 61
62 63
63 61
63 62
64 65
64 66
65 64
65 66
66 64
66 65
66 851
66 852
66 853
66 856
66 1041
66 1093
67 68
68 67
68 177
69 30
70 71
71 70
72 73
73 72
73 233
74 75
74 76
75 74
75 76
75 83
76 74
76 75
77 78
77 79
78 77
78 79
79 77
79 78
80 81
80 82
81 80
81 82
81 1740
82 80
82 81
82 114
83 75
84 85
84 90
84 91
84 125
85 84
86 87
87 86
88 45
88 89
89 45
89 88
89 788
90 84
90 91
91 84
91 90
91 125
92 93
93 92
93 94
93 95
93 207
94 93
94 95
94 137
95 93
95 94
95 137
96 97
96 1587
96 1676
97 96
97 451
97 1587
97 1633
97 1676
98 99
98 296
98 297
99 98
100 101
101 100
102 103
103 102
104 105
104 106
105 104
105 106
106 104
106 105
107 108
108 107
109 110
109 111
110 109
110 111
110 230
111 109
111 110
111 121
112 113
113 112
114 82
115 116
115 117
115 118
116 115
116 117
116 118
116 619
116 1811
117 115
117 116
117 118
118 115
118 116
118 117
119 120
120 119
121 111
121 122
121 123
121 124
122 121
122 123
122 124
123 121
123 122
123 124
124 121
124 122
124 123
125 84
125 91
125 1562
126 127
126 377
127 126
128 129
128 1905
128 1906
128 1908
129 128
130 131
130 132
130 133
130 134
131 130
131 132
131 133
131 134
131 1651
131 1805
131 1806
132 130
132 131
132 133
132 134
132 1651
132 1805
132 1806
133 130
133 131
133 132
133 134
133 1651
133 1805
133 1806
134 55
134 130
134 131
134 132
134 133
134 451
134 1010
134 1651
134 1805
134 1806
134 2089
134 2090
135 136
135 317
135 318
136 135
136 1605
136 1966
136 1967
137 94
137 95
138 139
138 1629
139 138
140 141
141 140
141 142
141 143
141 144
141 2123
142 141
142 143
142 144
143 141
143 142
143 144
143 442
144 141
144 142
144 143
145 146
146 145
147 148
147 149
148 147
148 149
149 147
149 148
150 151
150 152
150 307
150 343
150 899
150 900
150 901
150 1110
150 1368
150 1369
150 2023
150 2034
150 2057
151 150
151 152
152 150
152 151
153 154
154 153
155 156
155 157
156 155
156 157
157 155
157 156
158 159
158 268
159 158
160 161
161 160
162 163
163 162
163 1079
164 165
164 166
164 167
165 164
165 166
165 167
166 164
166 165
166 167
167 164
167 165
167 166
168 169
169 168
170 171
171 170
172 173
172 939
173 172
174 6
175 176
175 1283
176 175
177 68
177 1221
178 179
178 180
178 716
179 178
179 180
180 178
180 179
181 182
182 181
183 184
184 183
185 186
186 185
187 188
187 263
187 291
187 348
187 370
187 378
187 383
187 384
187 387
187 395
187 530
187 580
187 622
187 623
187 667
187 670
187 671
187 762
187 922
187 1018
187 2021
187 2035
187 2036
188 187
189 190
190 189
191 192
191 196
192 191
192 193
193 192
194 195
195 194
196 191
197 198
198 197
199 200
200 199
201 202
201 203
202 201
202 203
203 201
203 202
204 205
204 206
205 204
205 206
205 1780
206 204
206 205
207 93
207 1701
207 1702
208 209
209 208
209 308
209 337
209 390
209 391
209 392
209 393
209 606
209 751
209 793
210 211
210 212
211 210
211 212
212 210
212 211
213 214
214 213
215 216
216 215
217 218
218 217
218 220
218 688
218 689
218 690
219 220
219 221
219 2139
220 218
220 219
220 221
220 688
220 689
220 690
221 219
221 220
222 223
222 224
222 542
222 1816
223 222
223 224
223 1920
223 1921
224 222
224 223
224 1735
225 226
225 381
225 382
226 225
226 251
226 252
226 263
226 726
227 228
227 229
227 233
228 227
228 229
228 256
229 227
229 228
230 110
231 232
232 231
232 289
232 329
233 73
233 227
234 235
235 234
236 237
237 236
238 239
238 240
239 238
239 240
240 238
240 239
241 242
241 259
242 241
242 249
242 250
243 244
243 255
244 243
245 246
245 1891
246 245
247 248
248 247
249 242
249 250
250 242
250 249
250 281
250 285
250 286
250 618
250 650
250 651
251 226
251 252
252 226
252 251
253 254
254 253
255 243
255 1968
256 228
257 258
257 259
258 257
258 259
259 241
259 257
259 258
259 691
259 692
260 261
260 262
261 260
261 262
261 295
262 260
262 261
263 187
263 226
263 264
263 291
263 347
263 348
263 354
263 381
263 384
263 387
263 395
263 580
263 726
263 1024
263 1563
263 1564
263 2018
264 263
265 266
265 267
266 265
266 267
267 50
267 265
267 266
267 548
267 736
267 751
267 776
267 781
267 927
267 928
268 158
269 270
270 269
271 272
271 273
271 274
272 271
272 273
272 274
273 271
273 272
273 274
274 271
274 272
274 273
275 276
276 275
277 278
278 277
278 675
278 683
278 684
279 40
279 280
280 40
280 279
281 250
281 282
281 285
281 286
281 985
282 281
282 320
282 985
283 284
283 291
283 340
283 616
283 709
284 39
284 283
285 250
285 281
285 286
286 250
286 281
286 285
287 288
288 287
288 1817
289 232
289 290
289 329
289 330
289 493
290 289
290 499
291 187
291 263
291 283
291 347
291 348
291 378
291 380
291 383
291 573
291 624
291 646
292 293
292 524
292 713
292 1305
292 1578
292 1829
293 292
293 668
293 669
293 1512
293 1703
293 1785
294 38
295 261
296 98
296 297
297 98
297 296
297 854
297 855
297 1973
297 1974
298 299
298 300
298 766
299 298
299 300
299 766
300 298
300 299
300 766
301 302
301 303
301 304
302 301
302 303
302 304
302 1348
302 1943
302 1944
303 301
303 302
303 304
303 888
304 301
304 302
304 303
305 306
306 305
307 150
307 308
307 534
307 1637
307 1638
307 1639
307 2022
308 209
308 307
308 337
308 2145
308 2203
309 310
310 309
311 312
312 311
313 314
314 313
315 316
315 1008
315 1872
316 315
316 766
316 812
316 813
316 824
316 864
316 875
316 898
316 1087
317 135
317 318
317 483
317 485
317 509
317 1017
317 1068
318 135
318 317
319 320
319 321
319 322
320 282
320 319
320 321
320 322
321 319
321 320
321 322
321 659
321 684
322 319
322 320
322 321
323 324
324 323
325 326
325 327
325 328
326 325
326 327
326 328
326 1025
327 325
327 326
327 328
328 325
328 326
328 327
328 833
329 232
329 289
329 330
329 493
330 289
330 329
330 493
331 332
332 331
332 410
332 518
332 519
333 334
334 333
334 774
335 336
335 337
335 465
335 1224
336 335
336 337
337 209
337 308
337 335
337 336
337 392
337 606
337 614
337 793
338 339
339 338
340 283
341 342
342 341
343 150
343 344
343 899
343 900
343 901
344 343
345 346
346 345
347 263
347 291
347 348
347 381
348 187
348 263
348 291
348 347
348 383
348 624
349 350
349 455
350 349
351 352
351 353
352 351
352 353
353 351
353 352
354 263
354 539
354 540
354 720
355 356
355 357
355 780
356 355
356 357
357 355
357 356
357 403
358 359
358 535
358 681
358 1120
359 358
359 535
360 361
360 1199
360 1200
360 1223
360 2017
360 2033
361 360
361 658
361 659
362 363
362 870
362 871
363 362
363 423
363 870
363 871
363 876
363 877
364 365
364 366
365 364
365 366
366 364
366 365
367 368
367 1314
367 1383
367 1384
367 2041
368 367
369 370
369 982
369 2010
370 187
370 369
370 982
370 1018
370 1030
370 2010
370 2021
371 372
371 1382
372 371
373 374
373 425
374 373
375 376
376 375
377 126
378 187
378 291
379 380
379 618
380 291
380 379
380 573
380 618
380 2017
381 225
381 263
381 347
381 382
382 225
382 381
383 187
383 291
383 348
384 187
384 263
384 743
385 386
386 385
387 187
387 263
388 389
389 388
389 503
389 635
390 209
390 391
390 392
390 393
390 394
390 751
391 209
391 390
391 392
391 393
391 394
392 209
392 337
392 390
392 391
392 393
392 394
392 751
392 1549
392 1550
393 209
393 390
393 391
393 392
393 394
393 751
394 390
394 391
394 392
394 393
394 603
394 664
395 187
395 263
395 1398
395 1403
395 1557
395 1558
395 1559
396 397
396 398
397 396
397 398
398 396
398 397
399 400
400 399
401 402
402 401
403 357
404 405
404 1808
405 404
406 407
407 406
408 409
409 408
409 674
409 678
410 332
411 412
412 411
413 414
414 413
415 416
416 415
417 418
418 417
419 420
420 419
421 422
422 421
423 363
423 424
423 876
423 877
424 423
424 613
424 1046
424 1047
424 1065
424 1066
425 373
426 427
426 428
427 426
427 428
428 426
428 427
429 430
429 431
430 429
430 431
431 429
431 430
432 433
432 517
433 432
433 751
434 435
435 434
436 437
437 436
438 439
439 438
439 1041
440 441
440 697
441 440
442 143
443 444
444 443
445 446
446 445
446 2046
447 448
447 510
447 556
447 557
447 581
447 2019
448 447
448 510
448 581
448 2019
449 450
449 451
450 449
450 451
451 97
451 134
451 449
451 450
451 1587
451 1633
452 453
452 454
452 516
453 452
453 454
454 452
454 453
455 349
456 457
457 456
458 459
458 1636
459 458
460 461
460 462
461 460
461 462
462 460
462 461
463 464
464 463
464 504
465 335
466 467
466 477
466 478
467 466
468 469
469 468
470 471
471 470
471 472
472 471
472 505
473 474
474 473
475 476
475 477
475 513
476 475
476 477
477 466
477 475
477 476
477 478
477 481
477 486
477 495
477 496
478 466
478 477
478 479
478 486
479 478
480 481
480 482
480 494
480 500
481 477
481 480
481 482
481 495
481 496
482 480
482 481
483 317
483 484
483 485
483 509
484 483
484 485
485 317
485 483
485 484
485 509
485 605
486 477
486 478
486 495
487 488
488 487
489 490
490 489
491 492
492 491
493 289
493 329
493 330
494 480
495 477
495 481
495 486
495 496
496 477
496 481
496 495
497 498
497 670
498 497
499 290
500 480
501 502
502 501
503 389
503 1749
504 464
505 472
506 507
506 508
506 1663
507 506
507 508
508 506
508 507
509 317
509 483
509 485
509 557
509 605
510 447
510 448
510 511
510 512
510 1025
510 2019
511 510
511 512
511 545
511 546
511 547
512 510
512 511
513 475
514 515
514 1769
514 1770
515 514
516 452
517 432
518 332
518 519
519 332
519 518
520 521
520 1304
520 1386
521 520
521 572
522 523
522 946
523 522
523 946
524 292
524 525
524 864
524 1243
524 1578
524 2025
524 2026
525 524
526 527
527 526
528 529
529 528
530 187
530 531
530 532
530 667
530 1528
531 530
531 532
531 1528
531 1614
531 1844
532 530
532 531
532 1614
532 1844
533 534
533 1826
533 2011
534 307
534 533
534 1041
534 1899
535 358
535 359
536 537
536 538
537 536
537 538
537 553
538 536
538 537
539 354
539 540
540 354
540 539
541 542
541 566
541 581
541 582
541 583
541 645
542 222
542 541
543 544
544 543
545 511
545 546
545 547
546 511
546 545
546 547
547 1
547 2
547 511
547 545
547 546
547 1254
547 1320
547 1321
547 1575
547 1934
547 1935
548 267
549 550
550 549
551 552
552 551
553 537
553 1884
554 555
555 554
556 447
556 557
557 447
557 509
557 556
558 559
559 558
559 1543
559 1544
559 1545
559 1546
560 561
560 562
561 560
561 562
562 560
562 561
563 564
564 563
565 566
565 567
566 541
566 565
566 567
566 581
566 582
566 583
566 645
567 565
567 566
568 569
568 1333
569 568
570 571
570 1014
570 1015
571 570
571 1014
571 1015
572 521
573 291
573 380
573 2010
574 575
575 574
576 577
577 576
578 579
578 738
578 794
579 578
579 2048
580 187
580 263
580 1024
581 447
581 448
581 541
581 566
581 582
581 583
581 591
581 645
581 2051
582 541
582 566
582 581
582 583
582 588
582 591
582 592
582 593
582 594
582 597
582 613
582 1574
582 1575
582 1836
582 1996
583 541
583 566
583 581
583 582
583 591
583 645
583 651
583 725
583 1003
583 2051
584 585
585 584
586 587
587 586
588 582
589 590
589 607
590 589
590 607
591 581
591 582
591 583
591 1139
592 582
592 593
592 594
593 582
593 592
593 594
593 805
594 582
594 592
594 593
595 596
596 595
597 582
598 599
599 598
600 601
600 602
600 615
601 600
601 602
602 600
602 601
603 394
603 604
603 664
604 603
605 485
605 509
606 209
606 337
606 793
607 589
607 590
608 609
609 608
610 611
610 612
610 613
610 1026
611 610
611 612
611 613
612 610
612 611
612 613
613 424
613 582
613 610
613 611
613 612
613 1046
613 1047
613 1066
613 1836
613 1996
614 337
615 600
616 283
616 617
616 1067
616 1068
616 1069
617 616
618 250
618 379
618 380
618 650
618 651
618 911
618 923
618 938
619 116
620 621
621 620
622 187
622 623
623 187
623 622
624 291
624 348
625 626
626 625
627 628
627 629
627 630
627 1079
627 1091
627 1934
627 1935
628 627
628 629
628 630
629 627
629 628
629 630
630 627
630 628
630 629
631 632
632 631
633 634
633 1613
634 633
634 1030
634 1031
635 389
636 637
637 636
638 639
638 640
638 641
638 642
639 638
639 640
639 641
639 642
640 638
640 639
640 641
640 642
641 638
641 639
641 640
641 642
642 638
642 639
642 640
642 641
643 644
644 643
645 541
645 566
645 581
645 583
645 2051
646 291
646 1080
647 648
647 649
648 647
648 649
649 647
649 648
650 250
650 618
650 651
650 911
651 250
651 583
651 618
651 650
651 911
651 938
652 653
653 652
654 655
655 654
656 657
657 656
658 361
658 659
659 321
659 361
659 658
659 684
660 661
660 662
660 663
660 1018
660 1019
661 660
661 662
661 663
662 660
662 661
662 663
663 660
663 661
663 662
663 691
663 986
664 394
664 603
665 666
666 665
667 187
667 530
668 293
668 669
669 293
669 668
669 1703
670 187
670 497
670 671
671 187
671 670
672 673
673 672
674 409
674 675
675 278
675 674
675 683
675 684
675 1006
676 677
677 676
678 409
679 680
680 679
681 358
681 682
681 1120
681 1774
682 681
682 1834
682 2001
682 2002
683 278
683 675
683 684
684 278
684 321
684 659
684 675
684 683
685 686
685 687
685 1065
685 1284
685 1390
685 1419
686 685
686 687
687 685
687 686
687 1231
687 2197
688 218
688 220
688 689
688 690
688 819
688 862
688 1042
689 218
689 220
689 688
689 690
690 218
690 220
690 688
690 689
691 259
691 663
691 692
691 986
692 259
692 691
693 694
694 693
695 696
696 695
696 1868
697 440
698 699
698 700
699 698
699 700
700 698
700 699
701 702
702 701
702 1929
702 1953
703 704
704 703
704 1931
705 706
706 705
707 708
708 707
709 283
710 711
711 710
712 713
713 292
713 712
713 1305
713 1829
714 715
715 714
715 869
716 178
717 718
718 717
719 720
720 354
720 719
720 983
720 984
720 1212
721 722
722 721
723 724
724 723
725 583
726 226
726 263
727 728
728 727
729 730
730 729
731 732
731 756
732 731
733 734
734 733
735 736
736 267
736 735
736 751
736 776
737 11
738 578
738 739
738 740
738 794
739 738
739 740
740 738
740 739
741 742
742 741
743 384
743 744
743 745
743 1283
743 1284
744 743
744 745
744 1135
744 1447
744 1448
745 743
745 744
745 2047
746 747
747 746
748 749
748 750
749 748
749 750
750 748
750 749
751 209
751 267
751 390
751 392
751 393
751 433
751 736
751 776
751 781
752 753
753 752
754 755
755 754
756 731
757 758
757 759
758 757
758 759
758 792
759 757
759 758
760 761
761 760
762 187
762 763
762 1419
763 762
763 984
764 765
764 994
765 764
766 298
766 299
766 300
766 316
766 824
766 864
766 898
767 768
768 767
769 770
769 771
770 769
770 771
771 769
771 770
771 2030
772 773
773 772
773 782
774 334
775 37
776 267
776 736
776 751
777 778
777 779
778 777
778 779
779 777
779 778
780 355
781 267
781 751
782 773
783 42
784 785
785 784
786 787
787 786
788 89
789 790
789 791
790 789
790 791
790 1056
791 789
791 790
791 907
791 908
792 758
793 209
793 337
793 606
793 808
794 578
794 738
795 796
795 797
795 798
796 795
796 797
796 798
797 795
797 796
797 798
798 795
798 796
798 797
799 800
799 801
799 809
800 799
800 801
801 799
801 800
801 809
802 45
802 803
803 45
803 802
804 49
804 1027
805 593
806 807
807 806
808 793
809 799
809 801
809 1006
809 1259
809 1266
810 811
811 810
812 316
812 813
812 875
813 316
813 812
813 875
813 879
814 815
815 814
816 817
816 818
817 816
817 818
818 816
818 817
819 688
819 820
819 862
819 1041
819 1042
820 819
820 848
820 849
820 850
821 822
821 823
822 821
822 823
822 837
822 894
822 895
822 1098
822 1099
823 821
823 822
824 316
824 766
824 864
824 1087
825 826
825 827
825 835
825 845
826 825
826 827
826 835
826 845
827 825
827 826
827 835
827 845
828 829
828 830
829 828
829 830
830 828
830 829
831 832
832 831
833 328
833 834
833 865
834 833
835 825
835 826
835 827
835 845
836 837
837 822
837 836
837 894
837 895
837 1098
837 1099
838 839
838 840
838 841
838 842
838 862
838 886
839 838
840 838
840 841
840 842
841 838
841 840
841 842
842 838
842 840
842 841
843 57
843 844
843 1088
844 57
844 843
844 1088
845 825
845 826
845 827
845 835
846 847
847 846
848 820
848 849
848 850
848 887
849 820
849 848
849 850
849 887
849 1104
850 820
850 848
850 849
850 887
851 66
851 852
851 853
851 863
852 66
852 851
852 853
853 66
853 851
853 852
853 896
853 897
853 1105
853 1106
854 297
854 855
855 297
855 854
855 1094
855 1095
856 66
857 858
858 857
859 860
859 861
860 859
860 861
861 859
861 860
861 889
862 688
862 819
862 838
862 1042
863 851
864 316
864 524
864 766
864 824
864 898
864 1087
865 833
865 1057
865 1064
866 867
867 866
868 869
869 715
869 868
870 362
870 363
870 871
871 362
871 363
871 870
871 1225
872 873
872 874
872 891
872 892
873 872
874 872
875 316
875 812
875 813
876 363
876 423
876 877
877 363
877 423
877 876
877 1615
878 879
878 1028
879 813
879 878
880 881
881 880
882 883
883 882
883 890
884 885
885 884
886 838
887 848
887 849
887 850
888 303
889 861
890 883
891 872
891 892
891 893
892 872
892 891
892 893
893 891
893 892
894 822
894 837
894 895
895 822
895 837
895 894
896 853
896 897
897 853
897 896
898 316
898 766
898 864
899 150
899 343
899 900
899 901
900 150
900 343
900 899
900 901
901 150
901 343
901 899
901 900
902 903
903 902
904 905
904 906
905 904
905 906
906 904
906 905
907 791
907 908
908 791
908 907
909 910
909 1148
909 1364
910 909
910 1144
910 1148
910 1188
910 1189
910 1364
911 618
911 650
911 651
911 938
912 913
913 912
914 915
914 916
914 1059
914 1060
915 914
915 916
916 914
916 915
916 1149
917 918
918 917
919 920
919 921
920 919
920 921
921 919
921 920
922 37
922 187
922 929
922 930
923 618
924 925
924 926
925 924
925 926
926 924
926 925
927 267
927 928
928 267
928 927
929 37
929 922
929 930
930 37
930 922
930 929
931 932
932 931
933 934
933 1039
933 1040
933 1344
934 933
935 936
935 1135
936 935
937 37
938 618
938 651
938 911
939 172
940 941
941 940
942 943
943 942
944 945
945 944
946 522
946 523
947 948
948 947
949 950
949 951
950 949
950 951
951 949
951 950
952 953
953 952
953 970
954 955
954 956
955 954
955 956
956 954
956 955
957 958
957 959
957 960
957 961
957 962
957 963
958 957
959 957
959 960
959 961
959 962
959 963
960 957
960 959
960 961
960 962
960 963
961 957
961 959
961 960
961 962
961 963
961 969
962 957
962 959
962 960
962 961
962 963
963 957
963 959
963 960
963 961
963 962
964 965
964 966
965 964
965 966
966 964
966 965
967 968
968 967
969 961
970 953
970 2135
970 2138
971 972
972 971
973 974
973 2064
973 2135
973 2136
974 973
974 2064
974 2065
974 2066
974 2135
974 2136
975 976
975 977
976 975
976 977
976 2129
976 2130
977 975
977 976
978 979
978 1236
979 978
980 981
981 980
982 369
982 370
982 1874
983 720
983 984
984 720
984 763
984 983
985 281
985 282
985 1134
985 1135
985 1141
985 1416
985 1593
985 1594
985 1877
986 663
986 691
987 988
987 989
987 1011
988 987
988 989
989 987
989 988
990 991
990 1276
990 1310
990 1337
991 990
992 993
993 992
994 764
995 996
996 995
997 998
998 997
999 1000
1000 999
1000 1332
1001 1002
1002 1001
1003 583
1004 1005
1004 1007
1005 1004
1006 675
1006 809
1006 2032
1007 1004
1008 315
1008 1009
1008 1872
1009 1008
1010 55
1010 134
1011 987
1012 1013
1012 1356
1013 1012
1014 570
1014 571
1014 1015
1015 570
1015 571
1015 1014
1016 1017
1017 317
1017 1016
1017 1068
1017 2024
1018 187
1018 370
1018 660
1018 1019
1018 1262
1018 1686
1018 1687
1018 1688
1018 2021
1019 660
1019 1018
1020 1021
1021 1020
1022 1023
1023 1022
1024 263
1024 580
1025 326
1025 510
1026 610
1026 1763
1027 804
1028 878
1029 31
1029 38
1030 370
1030 634
1030 1031
1031 634
1031 1030
1031 1092
1031 1595
1032 1033
1033 1032
1034 1035
1035 1034
1035 2011
1035 2020
1036 1037
1036 1038
1036 1393
1036 1394
1037 1036
1037 1038
1038 1036
1038 1037
1039 933
1039 1040
1039 1058
1040 933
1040 1039
1041 66
1041 439
1041 534
1041 819
1041 1042
1041 1093
1042 688
1042 819
1042 862
1042 1041
1043 1044
1043 1045
1044 1043
1044 1045
1044 1072
1045 1043
1045 1044
1045 1072
1046 424
1046 613
1046 1047
1046 1066
1046 2028
1047 424
1047 613
1047 1046
1048 1049
1049 1048
1049 1053
1050 1051
1051 1050
1052 17
1053 1049
1054 1055
1055 1054
1055 1409
1056 790
1056 1063
1057 865
1058 1039
1059 914
1059 1060
1060 914
1060 1059
1061 1062
1062 1061
1062 1686
1063 1056
1064 865
1065 424
1065 685
1065 1066
1065 2072
1065 2147
1066 424
1066 613
1066 1046
1066 1065
1067 616
1067 1068
1067 1069
1068 317
1068 616
1068 1017
1068 1067
1068 1069
1068 1519
1069 616
1069 1067
1069 1068
1070 1071
1071 1070
1072 1044
1072 1045
1073 1074
1074 1073
1075 32
1075 57
1076 30
1076 31
1076 32
1077 1078
1078 1077
1079 163
1079 627
1079 1091
1080 646
1081 1082
1082 1081
1083 1084
1084 1083
1085 1086
1086 1085
1086 2107
1087 316
1087 824
1087 864
1087 1300
1088 57
1088 843
1088 844
1089 1090
1090 1089
1091 627
1091 1079
1092 1031
1093 66
1093 1041
1093 1457
1093 1601
1094 855
1094 1095
1095 855
1095 1094
1095 2016
1096 1097
1097 1096
1098 822
1098 837
1098 1099
1099 822
1099 837
1099 1098
1100 1101
1101 1100
1102 1103
1103 1102
1103 1107
1104 849
1105 853
1105 1106
1106 853
1106 1105
1107 1103
1108 1109
1109 1108
1110 150
1110 1111
1111 1110
1112 1113
1113 1112
1114 1115
1115 1114
1116 1117
1116 1118
1116 1421
1117 1116
1117 1118
1117 1421
1118 1116
1118 1117
1118 1421
1119 1120
1120 358
1120 681
1120 1119
1120 1146
1120 1414
1120 1415
1121 1122
1122 1121
1123 1124
1124 1123
1124 1422
1124 1472
1124 1474
1125 1126
1125 1127
1125 1155
1126 1125
1126 1127
1126 1448
1126 1507
1127 1125
1127 1126
1128 1129
1128 1225
1128 1244
1128 1256
1128 1410
1129 1128
1130 1131
1131 1130
1132 1133
1133 1132
1134 985
1134 1135
1134 1141
1134 1416
1135 744
1135 935
1135 985
1135 1134
1135 1420
1135 1447
1135 1448
1136 1137
1137 1136
1138 1139
1139 591
1139 1138
1140 1141
1141 985
1141 1134
1141 1140
1141 1416
1142 1143
1143 1142
1143 1397
1144 910
1144 1145
1144 1146
1144 1147
1145 1144
1145 1146
1145 1147
1146 1120
1146 1144
1146 1145
1146 1147
1146 1148
1147 1144
1147 1145
1147 1146
1148 909
1148 910
1148 1146
1148 1364
1148 1408
1149 916
1150 1151
1150 1152
1151 1150
1151 1152
1152 1150
1152 1151
1153 1154
1153 1294
1153 1295
1154 1153
1155 1125
1155 1217
1155 1218
1156 1157
1157 1156
1158 1159
1158 1558
1159 1158
1160 1161
1161 1160
1162 1163
1163 1162
1164 1165
1164 1533
1164 1534
1164 1535
1165 1164
1166 1167
1166 1168
1166 1169
1166 1542
1167 1166
1167 1168
1167 1169
1168 1166
1168 1167
1168 1169
1169 1166
1169 1167
1169 1168
1170 1171
1171 1170
1172 1173
1172 1454
1173 1172
1174 1175
1175 1174
1176 1177
1177 1176
1178 1179
1179 1178
1180 1181
1181 1180
1182 1183
1183 1182
1184 1185
1185 1184
1186 1187
1187 1186
1188 910
1188 1189
1189 910
1189 1188
1190 1191
1190 1192
1191 1190
1191 1192
1192 1190
1192 1191
1193 1194
1194 1193
1195 1196
1196 1195
1197 1198
1197 1308
1198 1197
1198 1308
1198 1354
1198 1355
1199 360
1199 1200
1200 360
1200 1199
1200 1223
1200 1287
1201 1202
1202 1201
1203 1204
1203 1205
1204 1203
1204 1205
1204 1324
1204 1348
1204 1370
1205 1203
1205 1204
1206 1207
1206 1208
1207 1206
1207 1208
1208 1206
1208 1207
1209 1210
1209 1668
1210 1209
1210 1262
1210 1263
1210 1444
1211 1212
1211 1276
1212 720
1212 1211
1212 1242
1212 1276
1213 1214
1213 1406
1213 1407
1214 1213
1214 1246
1214 1288
1215 1216
1216 1215
1216 1251
1216 1301
1217 1155
1217 1218
1218 1155
1218 1217
1218 1244
1218 1322
1218 1323
1219 1220
1219 1221
1220 1219
1220 1221
1221 177
1221 1219
1221 1220
1221 1805
1222 1223
1223 360
1223 1200
1223 1222
1224 335
1224 1225
1225 871
1225 1128
1225 1224
1225 1244
1225 1256
1225 1410
1226 1227
1226 1228
1226 1271
1227 1226
1227 1228
1228 1226
1228 1227
1229 1230
1230 1229
1230 1255
1230 1256
1231 687
1231 1232
1232 1231
1233 1234
1234 1233
1235 1236
1236 978
1236 1235
1236 1319
1237 1238
1237 1241
1238 1237
1239 1240
1239 1261
1240 1239
1240 1261
1241 1237
1242 1212
1243 524
1244 1128
1244 1218
1244 1225
1244 1245
1244 1256
1244 1322
1244 1323
1244 1330
1244 1331
1244 1410
1245 1244
1245 1300
1245 1350
1246 1214
1247 1248
1248 1247
1249 1250
1250 1249
1251 1216
1251 1301
1252 1253
1253 1252
1254 547
1254 1279
1254 1282
1254 1291
1254 1292
1255 1230
1255 1256
1256 1128
1256 1225
1256 1230
1256 1244
1256 1255
1256 1410
1257 1258
1257 2031
1258 1257
1259 809
1259 1260
1259 1266
1260 1259
1261 1239
1261 1240
1262 1018
1262 1210
1262 1263
1262 1686
1262 1687
1262 1688
1263 1210
1263 1262
1264 1265
1265 1264
1266 809
1266 1259
1267 1268
1268 1267
1269 1270
1270 1269
1270 1316
1271 1226
1272 1273
1273 1272
1274 1275
1274 1276
1275 1274
1275 1276
1276 990
1276 1211
1276 1212
1276 1274
1276 1275
1276 1310
1276 1337
1276 1347
1276 1367
1277 1278
1278 1277
1278 1293
1279 1254
1279 1282
1280 1281
1280 1327
1281 1280
1282 1254
1282 1279
1283 175
1283 743
1283 1284
1284 685
1284 743
1284 1283
1284 1390
1285 1286
1286 1285
1286 1292
1286 1361
1287 1200
1288 1214
1289 1290
1290 1289
1291 1254
1291 1292
1292 1254
1292 1286
1292 1291
1292 1361
1293 1278
1294 1153
1294 1295
1295 1153
1295 1294
1296 1297
1297 1296
1298 1299
1299 1298
1300 1087
1300 1245
1301 1216
1301 1251
1302 1303
1303 1302
1304 520
1304 1305
1304 1386
1304 1859
1305 292
1305 713
1305 1304
1305 1829
1306 1307
1307 1306
1308 1197
1308 1198
1308 1354
1308 1355
1309 1310
1309 1349
1310 990
1310 1276
1310 1309
1310 1337
1310 1349
1311 1312
1311 1313
1312 1311
1312 1313
1313 1311
1313 1312
1314 367
1314 1315
1314 1383
1314 1384
1315 1314
1316 1270
1317 1318
1318 1317
1319 1236
1320 547
1320 1321
1321 547
1321 1320
1322 1218
1322 1244
1322 1323
1323 1218
1323 1244
1323 1322
1323 1703
1324 1204
1325 1326
1325 1762
1326 1325
1327 1280
1328 1329
1329 1328
1329 1994
1329 1995
1330 1244
1330 1331
1331 1244
1331 1330
1332 1000
1333 568
1334 1335
1334 1336
1335 1334
1335 1336
1335 1351
1336 1334
1336 1335
1337 990
1337 1276
1337 1310
1337 1367
1338 1339
1339 1338
1340 1341
1340 1342
1340 1343
1341 1340
1341 1342
1341 1343
1342 1340
1342 1341
1342 1343
1343 1340
1343 1341
1343 1342
1344 933
1345 1346
1346 1345
1347 1276
1348 302
1348 1204
1348 1370
1349 1309
1349 1310
1350 1245
1351 1335
1352 1353
1353 1352
1354 1198
1354 1308
1354 1355
1355 1198
1355 1308
1355 1354
1356 1012
1357 1358
1358 1357
1359 1360
1360 1359
1361 1286
1361 1292
1362 1363
1363 1362
1364 909
1364 910
1364 1148
1365 1366
1366 1365
1367 1276
1367 1337
1368 150
1368 1369
1368 1458
1369 150
1369 1368
1370 1204
1370 1348
1371 1372
1372 1371
1372 1449
1373 1374
1374 1373
1375 1376
1376 1375
1377 1378
1378 1377
1379 1380
1379 1381
1380 1379
1380 1381
1381 1379
1381 1380
1382 371
1383 367
1383 1314
1383 1384
1384 367
1384 1314
1384 1383
1385 1386
1385 1387
1385 1388
1385 1389
1386 520
1386 1304
1386 1385
1386 1387
1386 1388
1386 1389
1387 1385
1387 1386
1387 1388
1387 1389
1388 1385
1388 1386
1388 1387
1388 1389
1389 1385
1389 1386
1389 1387
1389 1388
1390 685
1390 1284
1390 1413
1391 1392
1392 1391
1393 1036
1393 1394
1394 1036
1394 1393
1395 1396
1396 1395
1397 1143
1398 395
1398 1399
1398 1403
1398 1557
1398 1558
1398 1559
1399 1398
1400 1401
1401 1400
1402 1403
1403 395
1403 1398
1403 1402
1403 1557
1403 1558
1403 1559
1404 1405
1404 1830
1404 1831
1404 1900
1405 1404
1406 1213
1406 1407
1407 1213
1407 1406
1408 1148
1409 1055
1410 1128
1410 1225
1410 1244
1410 1256
1411 1412
1412 1411
1413 1390
1414 1120
1414 1415
1415 1120
1415 1414
1416 985
1416 1134
1416 1141
1417 1418
1417 1459
1417 1460
1417 1461
1418 1417
1419 685
1419 762
1420 1135
1421 1116
1421 1117
1421 1118
1422 1124
1423 1424
1423 1462
1424 1423
1424 1462
1425 1426
1426 1425
1427 50
1428 1429
1429 1428
1429 1445
1429 1446
1430 1431
1431 1430
1432 1433
1433 1432
1434 1435
1434 1502
1434 1503
1435 1434
1436 1437
1436 1438
1437 1436
1437 1438
1438 1436
1438 1437
1438 1504
1439 1440
1440 1439
1441 1442
1441 1443
1442 1441
1442 1443
1443 1441
1443 1442
1444 1210
1445 1429
1445 1446
1446 1429
1446 1445
1447 744
1447 1135
1447 1448
1448 744
1448 1126
1448 1135
1448 1447
1449 1372
1449 2112
1450 1451
1451 1450
1452 1453
1453 1452
1454 1172
1455 1456
1456 1455
1457 1093
1458 1368
1458 1958
1459 1417
1459 1460
1459 1461
1459 2053
1460 1417
1460 1459
1460 1461
1461 1417
1461 1459
1461 1460
1462 1423
1462 1424
1463 1464
1464 1463
1465 1466
1466 1465
1467 1468
1467 1469
1467 1470
1468 1467
1468 1469
1468 1470
1468 2154
1469 1467
1469 1468
1469 1470
1470 1467
1470 1468
1470 1469
1471 1472
1471 1473
1472 1124
1472 1471
1472 1473
1472 1474
1473 1471
1473 1472
1473 2167
1474 1124
1474 1472
1475 1476
1476 1475
1477 1478
1477 2153
1478 1477
1479 1480
1480 1479
1481 1482
1482 1481
1483 1484
1484 1483
1485 1486
1486 1485
1487 1488
1488 1487
1489 1490
1490 1489
1491 1492
1492 1491
1493 1494
1493 2144
1494 1493
1494 2188
1494 2189
1495 1496
1496 1495
1497 1498
1497 1499
1498 1497
1499 1497
1500 1501
1501 1500
1502 1434
1502 1503
1503 1434
1503 1502
1504 1438
1505 1506
1506 1505
1507 1126
1508 1509
1509 1508
1509 1510
1509 1511
1510 1509
1510 1511
1511 1509
1511 1510
1512 293
1512 1513
1512 1514
1513 1512
1513 1514
1514 1512
1514 1513
1514 1689
1514 1690
1514 1691
1515 1516
1516 1515
1517 1518
1518 1517
1519 1068
1520 1521
1520 1903
1521 1520
1521 1903
1522 1523
1523 1522
1524 1525
1525 1524
1525 1540
1526 1527
1527 1526
1528 530
1528 531
1529 1530
1530 1529
1531 1532
1532 1531
1533 1164
1533 1534
1533 1535
1534 1164
1534 1533
1534 1535
1535 1164
1535 1533
1535 1534
1536 1537
1537 1536
1538 1539
1539 1538
1540 1525
1540 1799
1541 1542
1542 1166
1542 1541
1543 559
1543 1544
1543 1545
1543 1546
1544 559
1544 1543
1544 1545
1544 1546
1545 559
1545 1543
1545 1544
1545 1546
1545 1619
1545 1620
1546 559
1546 1543
1546 1544
1546 1545
1547 1548
1548 1547
1549 392
1549 1550
1549 1948
1550 392
1550 1549
1551 1552
1551 1599
1551 1600
1552 1551
1553 1554
1554 1553
1555 1556
1556 1555
1557 395
1557 1398
1557 1403
1557 1558
1557 1559
1558 395
1558 1158
1558 1398
1558 1403
1558 1557
1558 1559
1559 395
1559 1398
1559 1403
1559 1557
1559 1558
1560 1561
1561 1560
1562 125
1563 263
1563 1564
1563 1606
1563 1607
1563 1608
1564 263
1564 1563
1564 1795
1564 1796
1564 1917
1565 36
1566 1567
1566 1568
1566 1992
1567 1566
1567 1568
1568 1566
1568 1567
1569 1570
1569 1571
1569 1572
1569 1573
1570 1569
1570 1571
1570 1572
1570 1573
1571 1569
1571 1570
1571 1572
1571 1573
1571 1835
1571 1836
1572 1569
1572 1570
1572 1571
1572 1573
1572 1835
1573 1569
1573 1570
1573 1571
1573 1572
1574 582
1574 1575
1574 1875
1574 1876
1575 547
1575 582
1575 1574
1575 1934
1575 1935
1576 1577
1577 1576
1577 1753
1577 1993
1578 292
1578 524
1579 1580
1579 1877
1580 1579
1581 1582
1582 1581
1583 1584
1584 1583
1585 1586
1586 1585
1587 96
1587 97
1587 451
1587 1633
1587 1676
1588 1589
1588 1590
1588 1611
1589 1588
1589 1590
1589 1611
1590 1588
1590 1589
1590 1611
1591 1592
1591 1863
1592 1591
1592 1863
1593 985
1593 1594
1594 985
1594 1593
1595 1031
1595 1596
1595 1682
1596 1595
1597 1598
1598 1597
1599 1551
1599 1600
1600 1551
1600 1599
1600 1757
1600 1758
1601 1093
1602 1603
1602 1604
1602 1700
1602 1898
1603 1602
1603 1604
1603 1700
1603 1898
1604 1602
1604 1603
1604 1700
1604 1898
1605 136
1606 1563
1606 1607
1606 1608
1607 1563
1607 1606
1607 1608
1607 1617
1607 1680
1607 1681
1608 1563
1608 1606
1608 1607
1608 1680
1608 1681
1609 1610
1610 1609
1611 1588
1611 1589
1611 1590
1612 1613
1613 633
1613 1612
1613 2133
1613 2134
1614 531
1614 532
1615 877
1615 2187
1616 1617
1616 1618
1616 1706
1617 1607
1617 1616
1617 1618
1618 1616
1618 1617
1619 1545
1619 1620
1620 1545
1620 1619
1621 1622
1621 1623
1622 1621
1622 1623
1623 1621
1623 1622
1623 1869
1624 1625
1625 1624
1625 1724
1626 1627
1627 1626
1628 1629
1629 138
1629 1628
1630 1631
1630 1632
1631 1630
1631 1632
1632 1630
1632 1631
1633 97
1633 451
1633 1587
1634 1635
1634 1766
1635 1634
1635 1932
1635 1933
1635 2174
1636 458
1637 307
1637 1638
1637 1639
1638 307
1638 1637
1638 1639
1639 307
1639 1637
1639 1638
1640 1641
1641 1640
1641 1747
1641 1748
1642 1643
1643 1642
1644 1645
1644 2093
1645 1644
1646 1647
1647 1646
1648 1649
1648 1650
1649 1648
1649 1650
1650 1648
1650 1649
1651 131
1651 132
1651 133
1651 134
1652 1653
1653 1652
1654 1655
1655 1654
1656 1657
1656 1658
1657 1656
1657 1658
1657 1741
1657 1742
1658 1656
1658 1657
1658 1741
1658 1742
1659 1660
1660 1659
1660 1889
1660 1890
1661 1662
1662 1661
1663 506
1664 1665
1665 1664
1666 1667
1667 1666
1668 1209
1668 1669
1668 1670
1669 1668
1669 1670
1670 1668
1670 1669
1671 1672
1672 1671
1673 1674
1673 1675
1674 1673
1674 1675
1675 1673
1675 1674
1676 96
1676 97
1676 1587
1677 1678
1677 1679
1678 1677
1678 1679
1679 1677
1679 1678
1680 1607
1680 1608
1680 1681
1681 1607
1681 1608
1681 1680
1682 1595
1683 1684
1683 1685
1684 1683
1684 1685
1685 1683
1685 1684
1686 1018
1686 1062
1686 1262
1686 1687
1686 1688
1687 1018
1687 1262
1687 1686
1687 1688
1688 1018
1688 1262
1688 1686
1688 1687
1689 1514
1689 1690
1689 1691
1690 1514
1690 1689
1690 1691
1691 1514
1691 1689
1691 1690
1692 1693
1692 1694
1692 1695
1693 1692
1693 1694
1693 1695
1694 1692
1694 1693
1694 1695
1695 1692
1695 1693
1695 1694
1696 1697
1696 1698
1696 1728
1697 1696
1697 1698
1698 1696
1698 1697
1698 1727
1698 1728
1699 1700
1700 1602
1700 1603
1700 1604
1700 1699
1700 1898
1701 207
1701 1702
1702 207
1702 1701
1703 293
1703 669
1703 1323
1703 1785
1703 1786
1704 1705
1704 1956
1705 1704
1706 1616
1707 1708
1707 1709
1707 1802
1708 1707
1708 1709
1709 1707
1709 1708
1709 1807
1710 1711
1711 1710
1712 1713
1713 1712
1714 1715
1715 1714
1716 1717
1717 1716
1718 1719
1719 1718
1720 1721
1721 1720
1722 1723
1723 1722
1724 1625
1725 1726
1726 1725
1727 1698
1727 1728
1728 1696
1728 1698
1728 1727
1729 1730
1729 1766
1730 1729
1731 1732
1732 1731
1733 1734
1734 1733
1734 1936
1735 224
1736 1737
1737 1736
1737 1777
1738 1739
1738 1882
1739 1738
1740 81
1741 1657
1741 1658
1741 1742
1742 1657
1742 1658
1742 1741
1743 1744
1744 1743
1745 1746
1746 1745
1747 1641
1747 1748
1748 1641
1748 1747
1749 503
1750 1751
1750 1892
1750 1893
1751 1750
1751 1892
1751 1893
1752 1753
1752 1754
1752 1773
1753 1577
1753 1752
1753 1754
1753 1985
1753 1993
1754 1752
1754 1753
1754 1773
1754 1927
1754 1928
1754 1946
1755 1756
1755 1969
1756 1755
1756 1969
1757 1600
1757 1758
1757 1883
1758 1600
1758 1757
1759 1760
1760 1759
1761 1762
1762 1325
1762 1761
1763 1026
1764 1765
1765 1764
1766 1634
1766 1729
1767 1768
1768 1767
1769 514
1769 1770
1770 514
1770 1769
1771 1772
1772 1771
1773 1752
1773 1754
1774 681
1775 1776
1776 1775
1777 1737
1778 1779
1779 1778
1780 205
1781 1782
1782 1781
1783 1784
1784 1783
1784 1822
1785 293
1785 1703
1786 1703
1787 1788
1788 1787
1789 1790
1790 1789
1791 1792
1792 1791
1793 1794
1794 1793
1795 1564
1795 1796
1796 1564
1796 1795
1797 1798
1798 1797
1799 1540
1800 1801
1800 1802
1801 1800
1801 1802
1802 1707
1802 1800
1802 1801
1803 1804
1804 1803
1804 1873
1805 131
1805 132
1805 133
1805 134
1805 1221
1805 1806
1806 131
1806 132
1806 133
1806 134
1806 1805
1807 1709
1807 1818
1808 404
1809 1810
1810 1809
1811 116
1812 1813
1813 1812
1814 1815
1815 1814
1816 222
1816 2011
1817 288
1818 1807
1819 1820
1819 1821
1819 1834
1820 1819
1820 1821
1821 1819
1821 1820
1821 1834
1822 1784
1823 1824
1823 1825
1824 1823
1824 1825
1825 1823
1825 1824
1826 533
1827 1828
1828 1827
1829 292
1829 713
1829 1305
1830 1404
1830 1831
1830 1900
1831 1404
1831 1830
1831 1900
1832 1833
1832 1834
1833 1832
1833 1834
1834 682
1834 1819
1834 1821
1834 1832
1834 1833
1834 2001
1834 2002
1835 1571
1835 1572
1835 1836
1836 582
1836 613
1836 1571
1836 1835
1836 1996
1837 1838
1837 1839
1838 1837
1838 1839
1839 1837
1839 1838
1840 1841
1841 1840
1841 1972
1842 1843
1843 1842
1844 531
1844 532
1845 1846
1846 1845
1846 1965
1847 1848
1848 1847
1849 1850
1849 1937
1850 1849
1850 1885
1850 1886
1851 1852
1852 1851
1853 1854
1854 1853
1855 1856
1856 1855
1857 1858
1858 1857
1859 1304
1860 1861
1860 1862
1861 1860
1861 1862
1862 1860
1862 1861
1863 1591
1863 1592
1864 1865
1865 1864
1866 1867
1867 1866
1868 696
1869 1623
1870 1871
1871 1870
1872 315
1872 1008
1873 1804
1874 982
1875 1574
1875 1876
1876 1574
1876 1875
1877 985
1877 1579
1877 1877
1877 2027
1878 1879
1879 1878
1880 1881
1881 1880
1882 1738
1883 1757
1884 553
1885 1850
1885 1886
1886 1850
1886 1885
1887 1888
1888 1887
1889 1660
1889 1890
1890 1660
1890 1889
1891 245
1892 1750
1892 1751
1892 1893
1893 1750
1893 1751
1893 1892
1894 1895
1895 1894
1896 1897
1897 1896
1898 1602
1898 1603
1898 1604
1898 1700
1899 534
1900 1404
1900 1830
1900 1831
1901 1902
1902 1901
1903 1520
1903 1521
1904 1905
1904 1906
1904 1907
1904 1908
1904 1926
1905 128
1905 1904
1905 1906
1905 1907
1905 1908
1905 1926
1906 128
1906 1904
1906 1905
1906 1907
1906 1908
1906 1926
1907 1904
1907 1905
1907 1906
1907 1908
1908 128
1908 1904
1908 1905
1908 1906
1908 1907
1908 1926
1909 1910
1909 1911
1909 1912
1909 1913
1909 1914
1910 1909
1910 1911
1910 1912
1910 1913
1910 1914
1911 1909
1911 1910
1911 1912
1911 1913
1911 1914
1912 1909
1912 1910
1912 1911
1912 1913
1912 1914
1913 1909
1913 1910
1913 1911
1913 1912
1913 1914
1914 1909
1914 1910
1914 1911
1914 1912
1914 1913
1915 1916
1916 1915
1917 1564
1918 1919
1919 1918
1920 223
1920 1921
1921 223
1921 1920
1922 1923
1922 1924
1922 1925
1923 1922
1923 1924
1923 1925
1924 1922
1924 1923
1924 1925
1925 1922
1925 1923
1925 1924
1926 1904
1926 1905
1926 1906
1926 1908
1927 1754
1927 1928
1928 1754
1928 1927
1928 1946
1929 702
1929 1930
1929 1953
1930 1929
1931 704
1932 1635
1932 1933
1933 1635
1933 1932
1934 547
1934 627
1934 1575
1934 1935
1934 1947
1935 547
1935 627
1935 1575
1935 1934
1935 1947
1936 1734
1937 1849
1938 1939
1938 1949
1938 1950
1938 1957
1939 1938
1940 1941
1940 1942
1941 1940
1941 1942
1942 1940
1942 1941
1943 302
1943 1944
1944 302
1944 1943
1945 1946
1946 1754
1946 1928
1946 1945
1947 1934
1947 1935
1948 1549
1949 1938
1949 1950
1950 1938
1950 1949
1951 1952
1952 1951
1953 702
1953 1929
1954 1955
1955 1954
1956 1704
1957 1938
1958 1458
1959 1960
1960 1959
1961 1962
1962 1961
1963 1964
1964 1963
1965 1846
1966 136
1966 1967
1967 136
1967 1966
1968 255
1969 1755
1969 1756
1970 1971
1971 1970
1972 1841
1973 297
1973 1974
1973 2097
1973 2098
1973 2137
1974 297
1974 1973
1975 1976
1976 1975
1977 1978
1978 1977
1979 1980
1980 1979
1981 1982
1982 1981
1983 1984
1984 1983
1985 1753
1986 1987
1987 1986
1988 1989
1989 1988
1990 1991
1991 1990
1992 1566
1993 1577
1993 1753
1994 1329
1994 1995
1994 2110
1994 2111
1995 1329
1995 1994
1996 582
1996 613
1996 1836
1997 1998
1997 2056
1998 1997
1999 2000
2000 1999
2001 682
2001 1834
2001 2002
2002 682
2002 1834
2002 2001
2003 2004
2004 2003
2005 2006
2005 2007
2006 2005
2006 2007
2007 2005
2007 2006
2008 2009
2009 2008
2009 2150
2010 369
2010 370
2010 573
2011 533
2011 1035
2011 1816
2012 2013
2013 2012
2014 2015
2015 2014
2016 1095
2017 360
2017 380
2017 2033
2018 263
2019 447
2019 448
2019 510
2020 1035
2021 187
2021 370
2021 1018
2022 307
2023 150
2024 1017
2025 524
2025 2026
2026 524
2026 2025
2027 1877
2027 2029
2028 1046
2029 2027
2030 771
2031 1257
2032 1006
2033 360
2033 2017
2034 150
2035 187
2035 2036
2036 187
2036 2035
2037 2038
2037 2039
2037 2040
2038 2037
2039 2037
2039 2040
2040 2037
2040 2039
2041 367
2042 2043
2043 2042
2044 2045
2045 2044
2045 2052
2046 446
2047 745
2048 579
2049 2050
2050 2049
2051 581
2051 583
2051 645
2052 2045
2053 1459
2054 2055
2055 2054
2056 1997
2057 150
2058 2059
2058 2060
2058 2061
2059 2058
2059 2060
2059 2061
2060 2058
2060 2059
2060 2061
2061 2058
2061 2059
2061 2060
2062 2063
2063 2062
2064 973
2064 974
2064 2065
2064 2066
2064 2103
2064 2135
2064 2136
2065 974
2065 2064
2065 2066
2066 974
2066 2064
2066 2065
2067 2068
2068 2067
2069 2070
2069 2140
2070 2069
2071 2072
2071 2076
2071 2077
2072 1065
2072 2071
2073 2074
2073 2075
2073 2082
2073 2119
2073 2120
2074 2073
2074 2075
2075 2073
2075 2074
2076 2071
2076 2077
2077 2071
2077 2076
2078 2079
2078 2149
2079 2078
2080 2081
2081 2080
2082 2073
2082 2083
2082 2119
2082 2120
2083 2082
2084 2085
2084 2182
2085 2084
2086 2087
2086 2088
2086 2126
2087 2086
2087 2088
2088 2086
2088 2087
2089 134
2089 2090
2090 134
2090 2089
2090 2102
2091 2092
2091 2096
2092 2091
2093 1644
2094 2095
2094 2113
2094 2114
2094 2190
2094 2191
2095 2094
2096 2091
2097 1973
2097 2098
2097 2137
2098 1973
2098 2097
2098 2137
2099 2100
2099 2101
2100 2099
2100 2101
2100 2194
2101 2099
2101 2100
2102 2090
2103 2064
2104 2105
2104 2106
2105 2104
2105 2106
2105 2124
2105 2125
2106 2104
2106 2105
2107 1086
2108 2109
2109 2108
2110 1994
2110 2111
2111 1994
2111 2110
2112 1449
2113 2094
2113 2114
2114 2094
2114 2113
2115 2116
2116 2115
2117 2118
2118 2117
2119 2073
2119 2082
2119 2120
2120 2073
2120 2082
2120 2119
2121 2122
2122 2121
2122 2141
2123 141
2124 2105
2124 2125
2125 2105
2125 2124
2126 2086
2127 2128
2128 2127
2129 976
2129 2130
2130 976
2130 2129
2131 2132
2132 2131
2133 1613
2133 2134
2134 1613
2134 2133
2135 970
2135 973
2135 974
2135 2064
2135 2136
2135 2138
2136 973
2136 974
2136 2064
2136 2135
2137 1973
2137 2097
2137 2098
2138 970
2138 2135
2139 219
2140 2069
2141 2122
2142 2143
2143 2142
2144 1493
2145 308
2145 2146
2145 2203
2146 2145
2147 1065
2148 2149
2149 2078
2149 2148
2150 2009
2151 2152
2152 2151
2153 1477
2154 1468
2155 2156
2156 2155
2157 2158
2158 2157
2159 2160
2160 2159
2161 2162
2162 2161
2163 2164
2164 2163
2165 2166
2166 2165
2167 1473
2168 2169
2169 2168
2170 2171
2171 2170
2171 2192
2172 2173
2173 2172
2174 1635
2175 2176
2176 2175
2177 2178
2178 2177
2179 2180
2179 2181
2180 2179
2180 2181
2181 2179
2181 2180
2182 2084
2183 2184
2184 2183
2185 2186
2186 2185
2186 2193
2187 1615
2188 1494
2188 2189
2189 1494
2189 2188
2190 2094
2190 2191
2191 2094
2191 2190
2192 2171
2193 2186
2194 2100
2195 2196
2196 2195
2197 687
2198 2199
2199 2198
2200 2201
2200 2202
2201 2200
2201 2202
2202 2200
2202 2201
2203 308
2203 2145
