1 2
1 3
2 1
2 3
2 14
3 1
3 2
3 14
3 1915
4 5
5 4
6 7
7 6
8 9
9 8
10 11
11 10
11 65
11 66
11 732
11 733
12 13
13 12
14 2
14 3
15 16
16 15
16 118
16 119
17 18
17 19
17 668
17 669
18 17
18 19
18 668
18 669
19 17
19 18
19 225
19 688
19 689
20 21
21 20
22 23
22 24
22 25
22 26
23 22
23 24
23 25
23 26
24 22
24 23
24 25
24 26
25 22
25 23
25 24
25 26
26 22
26 23
26 24
26 25
27 28
28 27
29 30
30 29
30 617
31 32
32 31
32 633
33 34
34 33
35 36
36 35
37 38
38 37
39 40
39 41
39 42
40 39
40 41
40 42
40 75
41 39
41 40
41 42
42 39
42 40
42 41
42 147
43 44
44 43
45 46
45 60
46 45
46 60
47 48
47 59
47 1487
47 1488
47 1489
48 47
48 711
49 50
49 51
50 49
50 51
51 49
51 50
51 56
51 1721
52 53
53 52
54 55
55 54
56 51
57 58
58 57
58 59
58 145
59 47
59 58
59 1488
59 1489
60 45
60 46
60 1470
61 62
62 61
63 64
64 63
65 11
65 66
66 11
66 65
66 1757
66 1758
67 68
67 69
68 67
68 69
69 67
69 68
70 71
70 72
71 70
71 72
72 70
72 71
73 74
74 73
74 78
74 473
75 40
76 77
77 76
78 74
78 79
78 80
79 78
79 80
79 898
79 902
79 1800
79 1812
79 1813
79 1814
80 78
80 79
81 82
82 81
83 84
83 85
84 83
84 85
85 83
85 84
85 244
86 87
87 86
88 89
89 88
89 877
90 91
91 90
92 93
92 94
92 840
93 92
93 94
94 92
94 93
95 96
96 95
97 98
98 97
99 100
99 480
99 481
100 99
101 102
102 101
103 104
104 103
105 106
106 105
107 108
108 107
109 110
110 109
111 112
112 111
112 303
113 114
114 113
115 116
115 117
116 115
116 117
117 115
117 116
118 16
118 119
119 16
119 118
120 121
120 162
120 163
121 120
122 123
122 124
123 122
123 124
124 122
124 123
125 126
126 125
126 127
127 126
128 129
129 128
130 131
131 130
131 202
132 133
133 132
133 137
134 135
135 134
136 137
136 524
137 133
137 136
138 139
138 140
139 138
140 138
141 142
141 581
142 141
143 144
143 164
143 531
144 143
145 58
145 146
146 145
147 42
148 149
149 148
150 151
151 150
151 155
152 153
152 154
153 152
153 154
153 190
154 152
154 153
154 191
155 151
155 491
155 531
155 589
156 157
157 156
158 159
159 158
160 161
161 160
162 120
162 163
163 120
163 162
164 143
164 165
164 531
165 164
166 167
167 166
168 169
169 168
169 1079
169 1453
169 1717
169 1718
170 171
171 170
172 173
173 172
174 175
174 616
175 174
175 616
176 177
176 344
177 176
178 179
178 180
179 178
179 180
179 556
179 1539
180 178
180 179
180 556
180 1330
180 1390
180 1391
180 1539
181 182
182 181
183 184
184 183
185 186
186 185
187 188
187 189
187 495
187 496
188 187
188 189
188 231
188 389
188 598
189 187
189 188
190 153
191 154
192 193
193 192
194 195
194 292
195 194
196 197
196 240
197 196
198 199
199 198
199 515
199 590
199 591
199 592
199 654
200 201
201 200
202 131
203 204
204 203
204 210
204 211
204 331
205 206
205 304
206 205
206 216
206 217
206 218
206 228
206 304
206 489
206 973
206 1530
206 1531
207 208
208 207
209 210
209 211
210 204
210 209
210 211
210 331
211 204
211 209
211 210
212 213
213 212
214 215
215 214
216 206
216 217
216 218
217 206
217 216
217 218
217 679
217 680
217 746
218 206
218 216
218 217
219 220
219 221
219 222
220 219
220 221
220 222
221 219
221 220
221 222
222 219
222 220
222 221
223 224
224 223
225 19
226 227
227 226
228 206
228 973
229 230
230 229
231 188
232 233
233 232
234 235
235 234
236 237
236 238
236 239
237 236
237 238
237 239
237 272
237 743
238 236
238 237
238 239
238 268
238 269
238 272
238 683
238 855
239 236
239 237
239 238
239 462
239 944
239 945
239 1501
239 1502
239 1503
240 196
240 311
240 436
241 242
241 243
241 557
242 241
242 243
242 256
242 557
243 241
243 242
243 255
243 291
243 330
243 339
243 340
243 341
243 557
243 851
244 85
244 450
245 246
246 245
247 248
247 249
247 250
248 247
248 249
248 250
249 247
249 248
249 250
250 247
250 248
250 249
251 252
252 251
252 865
253 254
254 253
255 243
256 242
257 258
257 259
258 257
258 259
258 486
258 1878
258 1879
259 257
259 258
259 486
260 261
261 260
262 263
263 262
264 265
265 264
266 267
266 280
266 419
267 266
267 280
267 281
267 419
268 238
268 269
269 238
269 268
269 317
269 318
270 271
271 270
272 237
272 238
272 683
273 274
273 275
273 288
273 289
274 273
274 275
275 273
275 274
276 277
276 860
277 276
277 730
277 731
277 860
278 279
279 278
280 266
280 267
280 281
280 419
281 267
281 280
282 283
283 282
284 285
285 284
286 287
287 286
287 1788
288 273
288 289
288 314
288 345
289 273
289 288
289 314
289 345
290 291
291 243
291 290
291 330
291 339
291 460
291 461
292 194
293 294
294 293
295 296
296 295
297 298
297 664
298 297
298 664
298 837
298 838
299 300
299 723
299 724
299 725
300 299
301 302
301 947
301 1129
301 1586
301 1587
302 301
303 112
304 205
304 206
305 306
305 307
306 305
306 307
307 305
307 306
308 309
309 308
310 311
310 312
310 313
311 240
311 310
311 312
311 313
311 436
311 869
312 310
312 311
312 313
313 310
313 311
313 312
314 288
314 289
315 316
316 315
316 440
316 929
317 269
317 318
317 828
317 829
317 830
317 831
318 269
318 317
319 320
319 852
320 319
321 322
322 321
323 324
323 325
324 323
324 325
325 323
325 324
326 327
327 326
327 498
327 499
328 329
329 328
330 243
330 291
330 339
331 204
331 210
331 516
331 1877
332 333
333 332
334 335
335 334
336 337
336 338
337 336
337 338
338 336
338 337
339 243
339 291
339 330
340 243
340 341
340 512
341 243
341 340
342 343
343 342
344 176
345 288
345 289
345 367
345 368
346 347
346 348
347 346
347 348
348 346
348 347
349 350
350 349
351 352
351 1922
351 1930
351 1931
352 351
352 371
353 354
354 353
355 356
355 359
355 360
356 355
357 358
357 1860
358 357
359 355
359 360
360 355
360 359
361 362
361 973
361 1440
361 1522
361 1535
361 1614
362 361
362 418
362 1078
363 364
363 365
363 366
364 363
364 365
364 366
365 363
365 364
365 366
365 1339
365 1581
365 1617
365 1690
365 1691
365 1692
366 363
366 364
366 365
367 345
367 368
368 345
368 367
369 370
370 369
371 352
372 373
372 1792
373 372
374 375
375 374
375 412
375 484
375 485
376 377
377 376
378 379
378 410
378 411
378 1377
378 1378
378 1379
379 378
380 381
381 380
382 383
382 384
383 382
383 384
384 382
384 383
385 386
386 385
386 409
386 429
386 575
387 388
388 387
388 393
389 188
389 390
389 598
390 389
391 392
392 391
393 388
394 395
394 396
394 397
395 394
395 396
395 397
396 394
396 395
396 397
397 394
397 395
397 396
398 399
399 398
400 401
400 402
400 403
400 404
401 400
401 402
401 403
401 404
402 400
402 401
402 403
402 404
403 400
403 401
403 402
403 404
404 400
404 401
404 402
404 403
404 651
405 406
405 1059
405 1060
406 405
407 408
408 407
408 504
409 386
410 378
410 411
411 378
411 410
412 375
413 414
413 415
414 413
414 415
415 413
415 414
416 417
417 416
418 362
418 1101
418 1102
419 266
419 267
419 280
420 421
420 422
421 420
421 422
422 420
422 421
423 424
424 423
425 426
425 427
425 428
426 425
426 427
426 428
427 425
427 426
427 428
428 425
428 426
428 427
429 386
430 431
430 437
431 430
431 437
432 433
432 434
432 435
433 432
433 434
433 435
434 432
434 433
434 435
434 500
434 501
435 432
435 433
435 434
436 240
436 311
437 430
437 431
438 439
439 438
440 316
440 441
440 929
441 440
442 443
443 442
444 445
444 1912
445 444
446 447
447 446
448 449
449 448
450 244
451 452
452 451
453 454
454 453
455 456
456 455
457 458
457 459
458 457
458 459
459 457
459 458
460 291
460 461
460 528
460 529
460 530
461 291
461 460
461 529
462 239
463 464
463 497
463 1227
464 463
465 466
466 465
467 468
468 467
468 942
468 943
468 1757
468 1758
468 1767
469 470
470 469
471 472
472 471
473 74
474 475
474 1429
474 1474
474 1475
474 1789
474 1790
475 474
476 477
477 476
478 479
479 478
480 99
480 481
481 99
481 480
482 483
483 482
483 875
483 958
484 375
484 485
485 375
485 484
486 258
486 259
486 1878
486 1879
487 488
488 487
489 206
490 491
490 492
491 155
491 490
491 492
491 531
492 490
492 491
492 566
492 582
493 494
494 493
495 187
495 496
496 187
496 495
497 463
498 327
498 499
499 327
499 498
500 434
500 501
500 1030
500 1632
500 1633
500 1634
500 1713
501 434
501 500
502 503
502 505
502 506
502 1011
502 1030
502 1355
503 502
504 408
505 502
505 506
506 502
506 505
507 508
508 507
509 510
509 511
510 509
510 511
511 509
511 510
512 340
513 514
513 758
513 759
514 513
515 199
515 698
515 1428
515 1571
516 331
517 518
518 517
519 520
519 521
520 519
520 521
521 519
521 520
522 523
523 522
524 136
525 526
526 525
526 527
527 526
528 460
528 529
529 460
529 461
529 528
530 460
531 143
531 155
531 164
531 491
531 589
532 533
532 534
532 535
533 532
533 534
533 535
534 532
534 533
534 535
535 532
535 533
535 534
536 537
537 536
537 543
537 611
538 539
539 538
540 541
541 540
541 609
542 543
543 537
543 542
544 545
544 573
544 622
545 544
545 692
546 547
547 546
548 549
549 548
550 551
551 550
551 625
551 626
551 627
551 1354
552 553
553 552
553 630
553 631
553 632
554 555
555 554
556 179
556 180
557 241
557 242
557 243
558 559
559 558
560 561
561 560
562 563
563 562
564 565
565 564
566 492
567 568
568 567
569 570
570 569
570 574
571 572
572 571
573 544
573 622
573 1572
573 1573
574 570
575 386
576 577
577 576
578 579
578 580
579 578
579 580
580 578
580 579
581 141
582 492
583 584
584 583
584 601
585 586
586 585
587 588
588 587
589 155
589 531
590 199
590 591
590 592
591 199
591 590
591 592
592 199
592 590
592 591
593 594
594 593
595 596
595 597
596 595
596 597
597 595
597 596
598 188
598 389
599 600
600 599
601 584
602 603
603 602
603 1058
604 605
604 606
605 604
605 606
606 604
606 605
607 608
608 607
608 947
609 541
609 610
610 609
611 537
612 613
613 612
614 615
615 614
616 174
616 175
617 30
618 619
619 618
620 621
621 620
622 544
622 573
623 624
624 623
625 551
625 626
625 627
626 551
626 625
626 627
627 551
627 625
627 626
628 629
629 628
630 553
630 631
630 632
631 553
631 630
631 632
632 553
632 630
632 631
633 32
634 635
635 634
636 637
637 636
638 639
638 640
639 638
639 640
640 638
640 639
641 642
642 641
642 1791
643 644
644 643
645 646
646 645
647 648
648 647
649 650
650 649
651 404
652 653
653 652
654 199
655 656
656 655
657 658
657 659
658 657
658 659
659 657
659 658
660 661
660 726
660 747
661 660
661 726
662 663
662 687
663 662
663 689
663 729
664 297
664 298
664 665
665 664
665 674
666 667
666 751
667 666
668 17
668 18
668 669
668 946
669 17
669 18
669 668
670 671
670 695
671 670
672 673
673 672
673 719
673 720
674 665
674 1132
675 676
676 675
677 678
677 718
678 677
678 717
678 718
679 217
679 680
680 217
680 679
681 682
682 681
683 238
683 272
684 685
684 686
685 684
685 686
686 684
686 685
687 662
688 19
688 689
689 19
689 663
689 688
689 729
690 691
691 690
692 545
693 694
693 695
694 693
694 695
695 670
695 693
695 694
696 697
697 696
698 515
698 699
698 1571
699 698
700 701
701 700
702 703
702 704
703 702
703 704
704 702
704 703
705 706
706 705
706 748
706 866
707 708
708 707
709 710
710 709
711 48
712 713
713 712
714 715
714 716
715 714
715 716
716 714
716 715
716 1370
716 1371
716 1372
717 678
717 718
718 677
718 678
718 717
719 673
720 673
721 722
722 721
723 299
723 724
723 725
724 299
724 723
725 299
725 723
726 660
726 661
727 728
728 727
729 663
729 689
730 277
730 731
731 277
731 730
732 11
732 733
733 11
733 732
734 735
735 734
736 737
736 738
736 739
736 740
736 1131
737 736
737 738
737 739
737 740
738 736
738 737
738 739
738 740
739 736
739 737
739 738
739 740
740 736
740 737
740 738
740 739
740 1131
741 742
742 741
743 237
743 744
743 745
744 743
744 745
745 743
745 744
746 217
747 660
748 706
748 749
748 866
749 748
750 751
750 756
750 817
751 666
751 750
751 815
751 816
752 753
752 787
752 798
752 1027
753 752
753 780
753 781
754 755
755 754
756 750
756 757
756 764
756 765
756 785
756 786
756 787
756 817
756 981
756 1023
757 756
758 513
758 759
759 513
759 758
760 761
760 773
761 760
762 763
762 812
763 762
763 1073
764 756
764 765
765 756
765 764
765 785
765 786
765 787
765 808
765 1023
766 767
767 766
767 791
767 825
768 769
768 770
768 1532
769 768
769 770
770 768
770 769
771 772
772 771
773 760
774 775
775 774
776 777
777 776
778 779
778 822
779 778
779 797
780 753
780 781
781 753
781 780
782 783
782 784
783 782
783 784
784 782
784 783
784 1557
784 1558
785 756
785 765
785 786
785 787
785 808
786 756
786 765
786 785
786 787
787 752
787 756
787 765
787 785
787 786
787 788
787 1027
788 787
789 790
790 789
790 1002
791 767
791 792
791 793
792 791
792 793
792 1240
793 791
793 792
794 795
795 794
796 797
796 822
796 1006
796 1007
797 779
797 796
798 752
798 809
799 800
800 799
801 802
801 803
801 804
802 801
802 803
802 804
803 801
803 802
803 804
804 801
804 802
804 803
804 823
804 824
805 806
806 805
807 808
808 765
808 785
808 807
809 798
810 811
811 810
811 999
811 1000
811 1001
812 762
813 814
814 813
815 751
815 816
816 751
816 815
817 750
817 756
817 820
817 821
818 819
819 818
820 817
820 821
821 817
821 820
822 778
822 796
822 1006
822 1007
823 804
823 824
824 804
824 823
825 767
826 827
827 826
828 317
828 829
828 830
828 831
829 317
829 828
829 830
829 831
829 1903
830 317
830 828
830 829
830 831
831 317
831 828
831 829
831 830
832 833
833 832
834 835
834 836
835 834
835 836
836 834
836 835
837 298
837 838
838 298
838 837
839 840
840 92
840 839
841 842
842 841
843 844
843 845
843 846
844 843
844 845
844 846
844 1129
845 843
845 844
845 846
846 843
846 844
846 845
846 1129
847 848
847 1054
847 1055
848 847
848 1042
848 1043
849 850
850 849
850 1116
851 243
852 319
852 853
852 854
853 852
853 854
854 852
854 853
855 238
856 857
857 856
858 859
859 858
860 276
860 277
861 862
862 861
862 1088
862 1211
863 864
864 863
864 963
864 964
864 965
865 252
866 706
866 748
867 868
868 867
869 311
870 871
871 870
872 873
872 874
873 872
873 874
874 872
874 873
875 483
875 876
875 958
876 875
877 89
877 882
877 883
878 879
878 884
879 878
879 962
880 881
881 880
882 877
882 883
882 891
883 877
883 882
884 878
884 885
885 884
885 895
886 887
886 888
887 886
887 888
888 886
888 887
889 890
890 889
891 882
891 892
892 891
893 894
894 893
895 885
896 897
897 896
898 79
898 899
898 900
898 901
898 1800
898 1801
899 898
899 900
899 901
899 902
900 898
900 899
900 901
901 898
901 899
901 900
902 79
902 899
903 904
904 903
905 906
906 905
907 908
907 909
908 907
908 909
909 907
909 908
910 911
910 912
910 913
910 914
910 915
910 916
911 910
911 912
911 913
911 914
911 915
911 916
911 1792
911 1793
911 1794
911 1804
911 1805
911 1806
912 910
912 911
912 913
912 914
912 915
912 916
913 910
913 911
913 912
913 914
913 915
913 916
914 910
914 911
914 912
914 913
914 915
914 916
915 910
915 911
915 912
915 913
915 914
915 916
915 1809
916 910
916 911
916 912
916 913
916 914
916 915
917 918
918 917
919 920
919 921
919 922
920 919
920 921
920 922
921 919
921 920
921 922
922 919
922 920
922 921
923 924
924 923
924 1837
925 926
926 925
927 928
928 927
929 316
929 440
930 931
931 930
932 933
933 932
933 941
934 935
934 1130
934 1150
935 934
935 1102
935 1112
935 1115
935 1170
936 937
936 938
936 939
936 940
937 936
937 938
937 939
937 940
938 936
938 937
938 939
938 940
939 936
939 937
939 938
939 940
940 936
940 937
940 938
940 939
941 933
942 468
942 943
943 468
943 942
944 239
944 945
945 239
945 944
946 668
947 301
947 608
947 1129
947 1586
947 1587
948 949
949 948
950 951
951 950
952 953
952 1137
952 1138
952 1169
953 952
954 955
955 954
956 957
957 956
957 1145
958 483
958 875
959 960
959 961
959 1156
960 959
960 961
961 959
961 960
961 1156
962 879
963 864
963 964
963 965
964 864
964 963
964 965
965 864
965 963
965 964
966 967
967 966
968 969
969 968
970 971
970 972
971 970
971 972
972 970
972 971
973 206
973 228
973 361
973 1522
973 1535
973 1614
974 975
974 976
975 974
975 976
976 974
976 975
977 978
978 977
978 1012
979 980
980 979
981 756
982 983
983 982
984 985
985 984
985 1013
985 1022
986 987
986 988
986 989
987 986
987 988
987 989
988 986
988 987
988 989
989 986
989 987
989 988
990 991
990 992
990 993
991 990
991 992
991 993
992 990
992 991
992 993
993 990
993 991
993 992
994 995
995 994
996 997
996 998
997 996
997 998
997 1669
998 996
998 997
999 811
999 1000
999 1001
1000 811
1000 999
1000 1001
1001 811
1001 999
1001 1000
1002 790
1003 1004
1003 1005
1004 1003
1004 1005
1005 1003
1005 1004
1006 796
1006 822
1006 1007
1007 796
1007 822
1007 1006
1008 1009
1008 1011
1008 1024
1009 1008
1009 1011
1009 1024
1010 1011
1011 502
1011 1008
1011 1009
1011 1010
1011 1024
1011 1030
1012 978
1013 985
1013 1014
1013 1022
1014 1013
1015 1016
1015 1017
1016 1015
1016 1017
1017 1015
1017 1016
1018 1019
1019 1018
1019 1819
1020 1021
1021 1020
1022 985
1022 1013
1023 756
1023 765
1024 1008
1024 1009
1024 1011
1025 1026
1026 1025
1027 752
1027 787
1028 1029
1029 1028
1030 500
1030 502
1030 1011
1030 1632
1030 1633
1030 1634
1031 1032
1032 1031
1033 1034
1034 1033
1035 1036
1035 1037
1036 1035
1036 1037
1037 1035
1037 1036
1038 1039
1038 1080
1039 1038
1039 1080
1040 1041
1041 1040
1041 1061
1041 1062
1041 1098
1041 1214
1042 848
1042 1043
1043 848
1043 1042
1044 1045
1044 1056
1044 1057
1045 1044
1046 1047
1047 1046
1048 1049
1049 1048
1050 1051
1051 1050
1052 1053
1053 1052
1053 1065
1053 1096
1054 847
1054 1055
1055 847
1055 1054
1055 1075
1055 1148
1055 1149
1055 1173
1056 1044
1056 1057
1057 1044
1057 1056
1058 603
1059 405
1059 1060
1060 405
1060 1059
1061 1041
1061 1062
1061 1098
1061 1214
1062 1041
1062 1061
1063 1064
1064 1063
1064 1242
1065 1053
1066 1067
1067 1066
1068 1069
1068 1070
1069 1068
1069 1070
1070 1068
1070 1069
1071 1072
1072 1071
1073 763
1074 1075
1075 1055
1075 1074
1075 1093
1076 1077
1077 1076
1077 1210
1078 362
1079 169
1080 1038
1080 1039
1081 1082
1081 1083
1081 1084
1082 1081
1082 1083
1082 1084
1082 1284
1083 1081
1083 1082
1083 1084
1083 1284
1084 1081
1084 1082
1084 1083
1085 1086
1086 1085
1087 1088
1088 862
1088 1087
1088 1211
1089 1090
1089 1100
1089 1155
1090 1089
1091 1092
1092 1091
1092 1126
1092 1127
1092 1128
1092 1139
1093 1075
1094 1095
1095 1094
1096 1053
1097 1098
1097 1180
1098 1041
1098 1061
1098 1097
1098 1214
1099 1100
1100 1089
1100 1099
1101 418
1102 418
1102 935
1102 1183
1103 1104
1104 1103
1105 1106
1105 1107
1106 1105
1106 1107
1107 1105
1107 1106
1108 1109
1109 1108
1110 1111
1111 1110
1112 935
1113 1114
1114 1113
1115 935
1116 850
1117 1118
1118 1117
1118 1241
1119 1120
1119 1182
1120 1119
1121 1122
1121 1125
1122 1121
1122 1125
1123 1124
1124 1123
1125 1121
1125 1122
1126 1092
1126 1127
1127 1092
1127 1126
1128 1092
1129 301
1129 844
1129 846
1129 947
1130 934
1130 1150
1131 736
1131 740
1132 674
1132 1133
1132 1134
1132 1140
1133 1132
1133 1134
1134 1132
1134 1133
1135 1136
1136 1135
1137 952
1137 1138
1138 952
1138 1137
1139 1092
1140 1132
1141 1142
1142 1141
1143 1144
1144 1143
1145 957
1146 1147
1147 1146
1148 1055
1148 1149
1149 1055
1149 1148
1149 1173
1150 934
1150 1130
1151 1152
1152 1151
1153 1154
1154 1153
1155 1089
1156 959
1156 961
1157 1158
1157 1159
1158 1157
1158 1159
1159 1157
1159 1158
1160 1161
1161 1160
1162 1163
1163 1162
1164 1165
1165 1164
1166 1167
1166 1168
1167 1166
1167 1168
1168 1166
1168 1167
1169 952
1170 935
1171 1172
1172 1171
1173 1055
1173 1149
1174 1175
1174 1176
1174 1756
1175 1174
1175 1176
1176 1174
1176 1175
1177 1178
1177 1179
1178 1177
1178 1179
1179 1177
1179 1178
1179 1181
1180 1097
1181 1179
1182 1119
1183 1102
1184 1185
1185 1184
1186 1187
1186 1188
1187 1186
1187 1188
1188 1186
1188 1187
1189 1190
1190 1189
1191 1192
1191 1237
1192 1191
1193 1194
1193 1195
1194 1193
1194 1195
1195 1193
1195 1194
1196 1197
1197 1196
1198 1199
1198 1200
1199 1198
1199 1200
1200 1198
1200 1199
1201 1202
1202 1201
1203 1204
1204 1203
1204 1205
1205 1204
1206 1207
1207 1206
1208 1209
1209 1208
1210 1077
1211 862
1211 1088
1212 1213
1213 1212
1214 1041
1214 1061
1214 1098
1215 1216
1216 1215
1217 1218
1218 1217
1219 1220
1220 1219
1221 1222
1222 1221
1223 1224
1223 1225
1223 1226
1224 1223
1224 1225
1224 1226
1225 1223
1225 1224
1225 1226
1226 1223
1226 1224
1226 1225
1227 463
1228 1229
1228 1230
1229 1228
1229 1230
1230 1228
1230 1229
1231 1232
1232 1231
1233 1234
1234 1233
1235 1236
1236 1235
1237 1191
1238 1239
1239 1238
1240 792
1240 1247
1240 1248
1240 1249
1241 1118
1242 1064
1243 1244
1244 1243
1245 1246
1246 1245
1247 1240
1247 1248
1247 1249
1248 1240
1248 1247
1248 1249
1249 1240
1249 1247
1249 1248
1250 1251
1251 1250
1252 1253
1253 1252
1253 1836
1253 1867
1254 1255
1254 1256
1254 1264
1255 1254
1255 1256
1255 1264
1256 1254
1256 1255
1257 1258
1257 1259
1258 1257
1258 1259
1259 1257
1259 1258
1260 1261
1261 1260
1262 1263
1262 1797
1263 1262
1264 1254
1264 1255
1265 1266
1265 1267
1266 1265
1266 1267
1267 1265
1267 1266
1268 1269
1269 1268
1270 1271
1270 1272
1270 1851
1271 1270
1271 1272
1272 1270
1272 1271
1273 1274
1274 1273
1275 1276
1275 1277
1276 1275
1276 1277
1277 1275
1277 1276
1278 1279
1279 1278
1280 1281
1281 1280
1282 1283
1283 1282
1284 1082
1284 1083
1285 1286
1286 1285
1287 1288
1288 1287
1289 1290
1289 1291
1290 1289
1290 1291
1291 1289
1291 1290
1292 1293
1292 1294
1293 1292
1293 1294
1293 1449
1294 1292
1294 1293
1294 1449
1294 1552
1294 1553
1295 1296
1295 1394
1295 1395
1295 1398
1295 1667
1296 1295
1296 1318
1296 1319
1296 1394
1296 1401
1297 1298
1297 1299
1298 1297
1298 1299
1299 1297
1299 1298
1300 1301
1300 1396
1301 1300
1301 1328
1301 1329
1302 1303
1302 1304
1303 1302
1303 1304
1304 1302
1304 1303
1305 1306
1305 1307
1305 1308
1305 1566
1306 1305
1306 1307
1306 1308
1307 1305
1307 1306
1307 1308
1307 1556
1308 1305
1308 1306
1308 1307
1308 1566
1309 1310
1310 1309
1311 1312
1311 1313
1312 1311
1312 1313
1312 1644
1313 1311
1313 1312
1314 1315
1315 1314
1316 1317
1317 1316
1318 1296
1318 1319
1319 1296
1319 1318
1320 1321
1321 1320
1322 1323
1323 1322
1324 1325
1325 1324
1326 1327
1327 1326
1328 1301
1328 1329
1328 1450
1329 1301
1329 1328
1329 1702
1330 180
1330 1331
1330 1332
1330 1390
1330 1391
1331 1330
1331 1332
1332 1330
1332 1331
1333 1334
1334 1333
1335 1336
1336 1335
1337 1338
1337 1339
1338 1337
1338 1339
1338 1732
1339 365
1339 1337
1339 1338
1339 1399
1339 1581
1339 1690
1339 1691
1339 1692
1340 1341
1341 1340
1342 1343
1343 1342
1344 1345
1345 1344
1346 1347
1346 1348
1346 1349
1347 1346
1347 1348
1347 1349
1348 1346
1348 1347
1348 1349
1348 1545
1348 1546
1348 1824
1349 1346
1349 1347
1349 1348
1350 1351
1350 1441
1350 1443
1351 1350
1351 1574
1352 1353
1353 1352
1354 551
1354 1492
1355 502
1356 1357
1357 1356
1357 1446
1357 1602
1357 1605
1358 1359
1359 1358
1360 1361
1361 1360
1362 1363
1363 1362
1364 1365
1364 1366
1365 1364
1365 1366
1365 1490
1365 1491
1366 1364
1366 1365
1367 1368
1367 1369
1368 1367
1368 1369
1368 1389
1369 1367
1369 1368
1370 716
1370 1371
1370 1372
1371 716
1371 1370
1371 1372
1372 716
1372 1370
1372 1371
1373 1374
1374 1373
1375 1376
1376 1375
1377 378
1377 1378
1377 1379
1378 378
1378 1377
1378 1379
1379 378
1379 1377
1379 1378
1380 1381
1381 1380
1382 1383
1382 1384
1383 1382
1383 1384
1384 1382
1384 1383
1385 1386
1386 1385
1387 1388
1388 1387
1388 1668
1389 1368
1390 180
1390 1330
1390 1391
1391 180
1391 1330
1391 1390
1391 1548
1391 1549
1391 1550
1391 1551
1392 1393
1393 1392
1393 1600
1393 1601
1394 1295
1394 1296
1394 1395
1395 1295
1395 1394
1396 1300
1397 1398
1397 1730
1398 1295
1398 1397
1398 1667
1399 1339
1400 1401
1400 1402
1401 1296
1401 1400
1401 1402
1402 1400
1402 1401
1403 1404
1403 1661
1404 1403
1405 1406
1406 1405
1407 1408
1408 1407
1409 1410
1410 1409
1411 1412
1411 1413
1412 1411
1412 1413
1412 1478
1412 1675
1412 1676
1413 1411
1413 1412
1413 1478
1413 1675
1413 1676
1414 1415
1414 1416
1414 1417
1414 1418
1414 1527
1415 1414
1415 1416
1415 1417
1415 1418
1416 1414
1416 1415
1416 1417
1416 1418
1417 1414
1417 1415
1417 1416
1417 1418
1417 1481
1417 1482
1418 1414
1418 1415
1418 1416
1418 1417
1418 1481
1418 1482
1418 1527
1419 1420
1419 1421
1419 1422
1419 1423
1419 1532
1420 1419
1420 1421
1420 1422
1420 1423
1421 1419
1421 1420
1421 1422
1421 1423
1421 1532
1422 1419
1422 1420
1422 1421
1422 1423
1423 1419
1423 1420
1423 1421
1423 1422
1424 1425
1425 1424
1426 1427
1427 1426
1428 515
1429 474
1430 1431
1431 1430
1432 1433
1433 1432
1433 1588
1434 1435
1435 1434
1436 1437
1437 1436
1438 1439
1438 1568
1438 1602
1438 1603
1438 1604
1438 1605
1439 1438
1440 361
1440 1453
1440 1525
1440 1526
1441 1350
1441 1442
1441 1443
1442 1441
1442 1443
1443 1350
1443 1441
1443 1442
1443 1649
1444 1445
1445 1444
1445 1613
1446 1357
1447 1448
1448 1447
1449 1293
1449 1294
1450 1328
1451 1452
1452 1451
1453 169
1453 1440
1453 1717
1453 1718
1454 1455
1454 1456
1454 1660
1455 1454
1455 1456
1455 1660
1456 1454
1456 1455
1456 1660
1457 1458
1458 1457
1459 1460
1459 1461
1459 1462
1460 1459
1460 1461
1460 1462
1461 1459
1461 1460
1461 1462
1462 1459
1462 1460
1462 1461
1463 1464
1464 1463
1465 1466
1465 1467
1465 1468
1465 1469
1466 1465
1466 1467
1466 1468
1467 1465
1467 1466
1467 1468
1468 1465
1468 1466
1468 1467
1469 1465
1470 60
1470 1473
1471 1472
1472 1471
1473 1470
1474 474
1474 1475
1475 474
1475 1474
1476 1477
1477 1476
1478 1412
1478 1413
1478 1479
1478 1480
1478 1675
1478 1676
1479 1478
1479 1480
1480 1478
1480 1479
1481 1417
1481 1418
1481 1482
1481 1527
1482 1417
1482 1418
1482 1481
1483 1484
1483 1485
1483 1486
1484 1483
1484 1485
1484 1486
1485 1483
1485 1484
1485 1486
1485 1641
1485 1677
1486 1483
1486 1484
1486 1485
1487 47
1487 1488
1487 1489
1488 47
1488 59
1488 1487
1488 1489
1489 47
1489 59
1489 1487
1489 1488
1490 1365
1490 1491
1491 1365
1491 1490
1491 1544
1492 1354
1492 1585
1493 1494
1493 1495
1493 1724
1494 1493
1494 1495
1494 1724
1495 1493
1495 1494
1496 1497
1497 1496
1498 1499
1498 1500
1498 1517
1499 1498
1499 1500
1500 1498
1500 1499
1501 239
1501 1502
1501 1503
1502 239
1502 1501
1502 1503
1503 239
1503 1501
1503 1502
1504 1505
1505 1504
1506 1507
1506 1508
1507 1506
1507 1508
1507 1547
1508 1506
1508 1507
1508 1547
1509 1510
1510 1509
1511 1512
1512 1511
1513 1514
1514 1513
1515 1516
1516 1515
1517 1498
1517 1584
1518 1519
1518 1645
1519 1518
1519 1645
1520 1521
1521 1520
1522 361
1522 973
1523 1524
1523 1575
1523 1674
1524 1523
1524 1673
1525 1440
1525 1526
1526 1440
1526 1525
1527 1414
1527 1418
1527 1481
1528 1529
1529 1528
1530 206
1530 1531
1531 206
1531 1530
1532 768
1532 1419
1532 1421
1533 1534
1534 1533
1535 361
1535 973
1535 1536
1535 1614
1536 1535
1537 1538
1538 1537
1539 179
1539 180
1540 1541
1541 1540
1542 1543
1543 1542
1544 1491
1545 1348
1545 1546
1546 1348
1546 1545
1547 1507
1547 1508
1548 1391
1548 1549
1548 1550
1548 1551
1549 1391
1549 1548
1549 1550
1549 1551
1550 1391
1550 1548
1550 1549
1550 1551
1551 1391
1551 1548
1551 1549
1551 1550
1552 1294
1552 1553
1553 1294
1553 1552
1553 1579
1553 1672
1554 1555
1555 1554
1556 1307
1557 784
1557 1558
1558 784
1558 1557
1559 1560
1560 1559
1561 1562
1562 1561
1563 1564
1563 1565
1563 1716
1564 1563
1564 1565
1564 1716
1565 1563
1565 1564
1566 1305
1566 1308
1567 1568
1568 1438
1568 1567
1568 1602
1568 1603
1568 1604
1568 1605
1568 1640
1568 1783
1569 1570
1570 1569
1571 515
1571 698
1572 573
1572 1573
1573 573
1573 1572
1574 1351
1575 1523
1576 1577
1577 1576
1577 1695
1577 1696
1577 1697
1577 1698
1577 1699
1577 1700
1577 1701
1578 1579
1579 1553
1579 1578
1579 1591
1579 1672
1580 1581
1580 1623
1581 365
1581 1339
1581 1580
1581 1623
1581 1690
1581 1691
1581 1692
1582 1583
1583 1582
1584 1517
1585 1492
1586 301
1586 947
1586 1587
1587 301
1587 947
1587 1586
1588 1433
1589 1590
1590 1589
1591 1579
1592 1593
1592 1719
1593 1592
1593 1635
1594 1595
1595 1594
1596 1597
1597 1596
1598 1599
1599 1598
1600 1393
1600 1601
1601 1393
1601 1600
1602 1357
1602 1438
1602 1568
1602 1603
1602 1604
1602 1605
1602 1640
1603 1438
1603 1568
1603 1602
1603 1604
1603 1605
1604 1438
1604 1568
1604 1602
1604 1603
1604 1605
1605 1357
1605 1438
1605 1568
1605 1602
1605 1603
1605 1604
1606 1607
1607 1606
1608 1609
1608 1610
1609 1608
1609 1610
1610 1608
1610 1609
1611 1612
1612 1611
1613 1445
1614 361
1614 973
1614 1535
1615 1616
1616 1615
1617 365
1617 1691
1618 1619
1618 1620
1619 1618
1619 1620
1620 1618
1620 1619
1621 1622
1622 1621
1623 1580
1623 1581
1624 1625
1624 1626
1625 1624
1625 1626
1626 1624
1626 1625
1627 1628
1628 1627
1628 1629
1628 1887
1628 1888
1629 1628
1630 1631
1630 1897
1631 1630
1632 500
1632 1030
1632 1633
1632 1634
1633 500
1633 1030
1633 1632
1633 1634
1634 500
1634 1030
1634 1632
1634 1633
1635 1593
1636 1637
1637 1636
1638 1639
1639 1638
1639 1652
1640 1568
1640 1602
1641 1485
1641 1642
1641 1643
1642 1641
1642 1643
1643 1641
1643 1642
1644 1312
1645 1518
1645 1519
1646 1647
1646 1648
1647 1646
1647 1648
1648 1646
1648 1647
1649 1443
1650 1651
1651 1650
1651 1720
1651 1730
1651 1731
1652 1639
1653 1654
1654 1653
1655 1656
1655 1657
1656 1655
1656 1657
1657 1655
1657 1656
1658 1659
1659 1658
1660 1454
1660 1455
1660 1456
1661 1403
1662 1663
1662 1664
1662 1665
1663 1662
1663 1664
1663 1665
1664 1662
1664 1663
1664 1665
1665 1662
1665 1663
1665 1664
1666 1667
1667 1295
1667 1398
1667 1666
1668 1388
1669 997
1670 1671
1671 1670
1672 1553
1672 1579
1673 1524
1674 1523
1675 1412
1675 1413
1675 1478
1675 1676
1676 1412
1676 1413
1676 1478
1676 1675
1676 1689
1677 1485
1678 1679
1678 1680
1679 1678
1679 1680
1680 1678
1680 1679
1681 1682
1681 1683
1682 1681
1682 1683
1683 1681
1683 1682
1684 1685
1684 1739
1685 1684
1686 1687
1686 1688
1687 1686
1687 1688
1688 1686
1688 1687
1689 1676
1690 365
1690 1339
1690 1581
1690 1691
1690 1692
1690 1708
1691 365
1691 1339
1691 1581
1691 1617
1691 1690
1691 1692
1691 1904
1692 365
1692 1339
1692 1581
1692 1690
1692 1691
1692 1703
1692 1707
1692 1709
1693 1694
1694 1693
1695 1577
1695 1696
1695 1697
1695 1698
1695 1699
1695 1700
1695 1701
1695 1710
1696 1577
1696 1695
1696 1697
1696 1698
1696 1699
1696 1700
1696 1701
1696 1706
1697 1577
1697 1695
1697 1696
1697 1698
1697 1699
1697 1700
1697 1701
1698 1577
1698 1695
1698 1696
1698 1697
1698 1699
1698 1700
1698 1701
1699 1577
1699 1695
1699 1696
1699 1697
1699 1698
1699 1700
1699 1701
1700 1577
1700 1695
1700 1696
1700 1697
1700 1698
1700 1699
1700 1701
1700 1706
1701 1577
1701 1695
1701 1696
1701 1697
1701 1698
1701 1699
1701 1700
1701 1706
1702 1329
1703 1692
1704 1705
1705 1704
1706 1696
1706 1700
1706 1701
1707 1692
1708 1690
1709 1692
1710 1695
1711 1712
1712 1711
1713 500
1714 1715
1715 1714
1716 1563
1716 1564
1717 169
1717 1453
1717 1718
1718 169
1718 1453
1718 1717
1719 1592
1720 1651
1721 51
1722 1723
1723 1722
1724 1493
1724 1494
1725 1726
1726 1725
1727 1728
1727 1729
1728 1727
1728 1729
1729 1727
1729 1728
1730 1397
1730 1651
1730 1731
1731 1651
1731 1730
1732 1338
1733 1734
1734 1733
1735 1736
1736 1735
1737 1738
1738 1737
1739 1684
1740 1741
1741 1740
1742 1743
1743 1742
1744 1745
1745 1744
1746 1747
1747 1746
1748 1749
1749 1748
1750 1751
1751 1750
1752 1753
1753 1752
1754 1755
1755 1754
1756 1174
1757 66
1757 468
1757 1758
1757 1767
1758 66
1758 468
1758 1757
1758 1767
1758 1773
1759 1760
1760 1759
1761 1762
1762 1761
1763 1764
1764 1763
1764 1772
1764 1778
1764 1779
1764 1780
1765 1766
1766 1765
1767 468
1767 1757
1767 1758
1767 1781
1767 1782
1768 1769
1769 1768
1770 1771
1770 1772
1771 1770
1771 1772
1772 1764
1772 1770
1772 1771
1772 1779
1772 1780
1773 1758
1774 1775
1775 1774
1776 1777
1777 1776
1778 1764
1779 1764
1779 1772
1779 1780
1780 1764
1780 1772
1780 1779
1781 1767
1781 1782
1782 1767
1782 1781
1783 1568
1784 1785
1785 1784
1786 1787
1787 1786
1788 287
1789 474
1789 1790
1790 474
1790 1789
1791 642
1792 372
1792 911
1792 1793
1792 1794
1793 911
1793 1792
1793 1794
1793 1870
1793 1871
1793 1872
1794 911
1794 1792
1794 1793
1794 1898
1795 1796
1796 1795
1797 1262
1798 1799
1799 1798
1800 79
1800 898
1801 898
1802 1803
1803 1802
1804 911
1804 1805
1804 1806
1805 911
1805 1804
1805 1806
1806 911
1806 1804
1806 1805
1807 1808
1808 1807
1809 915
1809 1810
1809 1811
1810 1809
1810 1811
1811 1809
1811 1810
1812 79
1812 1813
1812 1814
1813 79
1813 1812
1813 1814
1814 79
1814 1812
1814 1813
1815 1816
1815 1817
1815 1818
1816 1815
1816 1817
1816 1818
1817 1815
1817 1816
1817 1818
1818 1815
1818 1816
1818 1817
1819 1019
1820 1821
1821 1820
1822 1823
1823 1822
1824 1348
1824 1832
1824 1833
1825 1826
1826 1825
1827 1828
1827 1829
1828 1827
1828 1829
1829 1827
1829 1828
1830 1831
1831 1830
1832 1824
1832 1833
1833 1824
1833 1832
1834 1835
1834 1836
1835 1834
1835 1836
1836 1253
1836 1834
1836 1835
1836 1867
1837 924
1838 1839
1838 1935
1839 1838
1840 1841
1840 1842
1841 1840
1841 1842
1841 1938
1841 1939
1842 1840
1842 1841
1843 1844
1844 1843
1845 1846
1846 1845
1846 1925
1846 1926
1846 1927
1847 1848
1848 1847
1849 1850
1850 1849
1851 1270
1852 1853
1853 1852
1854 1855
1855 1854
1856 1857
1857 1856
1858 1859
1859 1858
1860 357
1861 1862
1862 1861
1863 1864
1864 1863
1864 1876
1865 1866
1866 1865
1867 1253
1867 1836
1868 1869
1868 1919
1868 1920
1869 1868
1870 1793
1870 1871
1870 1872
1871 1793
1871 1870
1871 1872
1872 1793
1872 1870
1872 1871
1873 1874
1873 1875
1874 1873
1875 1873
1875 1909
1876 1864
1877 331
1878 258
1878 486
1878 1879
1879 258
1879 486
1879 1878
1880 1881
1880 1918
1881 1880
1882 1883
1883 1882
1884 1885
1884 1886
1885 1884
1885 1886
1886 1884
1886 1885
1887 1628
1887 1888
1888 1628
1888 1887
1889 1890
1890 1889
1891 1892
1891 1893
1891 1894
1892 1891
1892 1893
1892 1907
1892 1908
1893 1891
1893 1892
1893 1898
1894 1891
1895 1896
1896 1895
1897 1630
1898 1794
1898 1893
1899 1900
1900 1899
1901 1902
1902 1901
1903 829
1904 1691
1905 1906
1906 1905
1907 1892
1907 1908
1908 1892
1908 1907
1909 1875
1910 1911
1911 1910
1912 444
1913 1914
1914 1913
1915 3
1916 1917
1917 1916
1918 1880
1919 1868
1919 1920
1919 1921
1919 1922
1920 1868
1920 1919
1921 1919
1921 1922
1922 351
1922 1919
1922 1921
1922 1930
1922 1931
1923 1924
1924 1923
1925 1846
1925 1926
1925 1927
1926 1846
1926 1925
1926 1927
1927 1846
1927 1925
1927 1926
1928 1929
1929 1928
1930 351
1930 1922
1930 1931
1931 351
1931 1922
1931 1930
1931 1940
1932 1933
1932 1934
1933 1932
1933 1934
1934 1932
1934 1933
1935 1838
1936 1937
1937 1936
1938 1841
1938 1939
1939 1841
1939 1938
1940 1931
