1 2
2 1
2 2182
3 4
3 79
4 3
5 6
6 5
7 8
7 9
8 7
8 9
9 7
9 8
10 11
11 10
12 13
12 14
13 12
13 14
14 12
14 13
15 16
16 15
17 18
18 17
18 1041
19 20
20 19
21 22
22 21
22 27
22 28
23 24
24 23
24 734
25 26
26 25
27 22
27 28
28 22
28 27
28 603
29 30
29 31
30 29
30 31
31 29
31 30
32 33
32 95
32 96
33 32
33 75
33 76
33 77
33 78
33 79
33 80
33 81
33 82
33 83
33 84
33 85
33 86
33 87
34 35
35 34
36 37
37 36
38 39
39 38
40 41
41 40
41 1060
41 1068
41 1681
41 1805
41 1806
41 1807
42 43
42 54
42 192
42 317
43 42
43 2179
44 45
45 44
46 47
47 46
48 49
48 50
49 48
49 50
50 48
50 49
51 52
51 755
52 51
52 755
52 1084
53 54
54 42
54 53
54 192
54 317
55 56
56 55
57 58
58 57
59 60
60 59
61 62
61 733
62 61
62 297
62 314
62 315
63 64
64 63
65 66
66 65
67 68
68 67
69 70
70 69
71 72
72 71
73 74
74 73
74 1623
75 33
75 76
75 77
75 78
75 79
75 80
75 81
75 82
75 83
75 84
75 85
75 86
75 87
76 33
76 75
76 77
76 78
76 79
76 80
76 81
76 82
76 83
76 84
76 85
76 86
76 87
77 33
77 75
77 76
77 78
77 79
77 80
77 81
77 82
77 83
77 84
77 85
77 86
77 87
78 33
78 75
78 76
78 77
78 79
78 80
78 81
78 82
78 83
78 84
78 85
78 86
78 87
79 3
79 33
79 75
79 76
79 77
79 78
79 80
79 81
79 82
79 83
79 84
79 85
79 86
79 87
80 33
80 75
80 76
80 77
80 78
80 79
80 81
80 82
80 83
80 84
80 85
80 86
80 87
80 107
80 177
81 33
81 75
81 76
81 77
81 78
81 79
81 80
81 82
81 83
81 84
81 85
81 86
81 87
81 88
81 89
81 2128
81 2129
82 33
82 75
82 76
82 77
82 78
82 79
82 80
82 81
82 83
82 84
82 85
82 86
82 87
83 33
83 75
83 76
83 77
83 78
83 79
83 80
83 81
83 82
83 84
83 85
83 86
83 87
83 88
83 119
83 120
83 1769
83 2048
84 33
84 75
84 76
84 77
84 78
84 79
84 80
84 81
84 82
84 83
84 85
84 86
84 87
85 33
85 75
85 76
85 77
85 78
85 79
85 80
85 81
85 82
85 83
85 84
85 86
85 87
86 33
86 75
86 76
86 77
86 78
86 79
86 80
86 81
86 82
86 83
86 84
86 85
86 87
86 119
86 120
86 2072
87 33
87 75
87 76
87 77
87 78
87 79
87 80
87 81
87 82
87 83
87 84
87 85
87 86
88 81
88 83
88 89
88 119
88 120
88 1769
88 2048
89 81
89 88
90 91
90 92
91 90
91 92
91 123
92 90
92 91
93 94
94 93
94 99
94 197
95 32
95 96
96 32
96 95
97 98
98 97
98 319
98 356
98 2002
99 94
99 100
99 197
100 99
100 181
100 1536
101 102
102 101
103 104
103 604
104 103
104 563
104 564
105 106
106 105
107 80
108 109
109 108
109 196
110 111
111 110
112 113
112 114
113 112
113 114
114 112
114 113
115 116
116 115
116 177
116 180
117 118
118 117
119 83
119 86
119 88
119 120
119 1715
119 1769
119 2048
119 2072
120 83
120 86
120 88
120 119
120 1769
120 2048
120 2072
121 122
122 121
122 599
123 91
124 125
125 124
126 127
126 128
127 126
127 128
128 126
128 127
129 130
129 131
130 129
131 129
132 133
132 134
132 135
133 132
133 134
133 135
133 525
134 132
134 133
134 135
134 962
134 963
135 132
135 133
135 134
136 137
136 138
136 1159
136 1279
136 1280
136 1281
137 136
137 138
137 937
137 962
138 136
138 137
138 167
138 168
138 728
138 936
138 937
138 938
138 962
139 140
140 139
141 142
142 141
143 144
144 143
145 146
145 1869
145 1878
145 1879
145 1880
146 145
146 353
146 742
147 148
147 149
148 147
148 149
149 147
149 148
150 151
151 150
152 153
152 154
152 1086
153 152
153 154
153 1086
154 152
154 153
155 156
156 155
156 274
157 158
157 322
157 709
157 711
157 718
157 720
157 721
157 788
158 157
158 288
158 289
158 304
158 305
158 323
158 388
158 389
158 543
158 642
158 660
158 721
158 758
159 160
160 159
160 186
160 522
160 523
161 162
162 161
163 164
163 217
163 696
163 1652
163 1890
164 163
165 166
166 165
166 492
166 709
166 710
166 711
166 943
166 944
166 948
167 138
167 168
168 138
168 167
168 728
169 170
170 169
171 172
171 745
171 2183
171 2184
171 2185
172 171
173 174
174 173
175 176
176 175
177 80
177 116
178 179
179 178
180 116
181 100
181 198
182 183
182 184
183 182
183 184
184 182
184 183
185 186
186 160
186 185
186 316
186 396
187 188
187 283
187 284
187 338
187 339
188 187
188 565
189 190
190 189
191 192
191 193
192 42
192 54
192 191
192 193
192 317
193 191
193 192
193 387
194 195
195 194
196 109
197 94
197 99
198 181
199 200
200 199
201 202
202 201
203 204
203 205
203 214
204 203
204 205
204 230
205 203
205 204
205 241
206 207
207 206
208 209
209 208
210 211
211 210
211 2093
212 213
212 590
213 212
213 590
214 203
215 216
216 215
217 163
217 635
218 219
219 218
219 347
219 348
220 221
220 222
221 220
221 222
222 220
222 221
223 224
223 368
224 223
225 226
226 225
226 233
226 234
226 2139
227 228
227 1621
228 227
228 703
229 230
230 204
230 229
230 678
231 232
232 231
233 226
233 234
234 226
234 233
234 290
234 1081
235 236
235 237
235 238
236 235
236 237
236 238
236 2167
237 235
237 236
237 238
238 235
238 236
238 237
238 1822
238 1857
239 240
240 239
241 205
242 243
243 242
243 593
244 245
244 246
245 244
245 246
246 244
246 245
247 248
247 249
248 247
248 249
249 247
249 248
249 2035
249 2051
249 2052
250 251
251 250
252 253
253 252
254 255
254 287
255 254
256 257
257 256
258 259
259 258
260 261
261 260
261 706
262 263
263 262
264 265
265 264
266 267
266 268
266 269
267 266
267 268
267 269
268 266
268 267
268 269
269 266
269 267
269 268
270 271
271 270
271 748
272 273
273 272
273 497
274 156
275 276
276 275
277 278
278 277
279 280
279 281
279 282
279 405
279 1725
280 279
280 281
280 282
281 279
281 280
281 282
282 279
282 280
282 281
283 187
283 284
283 438
283 600
283 1085
284 187
284 283
285 286
286 285
287 254
287 721
287 949
288 158
288 289
289 158
289 288
290 234
290 291
290 292
290 293
290 1081
291 290
291 292
291 293
292 290
292 291
292 293
292 1089
293 290
293 291
293 292
294 295
295 294
296 297
297 62
297 296
298 299
298 386
299 298
299 386
300 301
300 302
300 303
301 300
301 302
301 303
302 300
302 301
302 303
303 300
303 301
303 302
304 158
304 305
305 158
305 304
305 543
306 307
307 306
307 481
307 634
307 670
308 309
309 308
309 916
310 311
311 310
312 313
313 312
314 62
314 315
314 488
314 489
315 62
315 314
316 186
316 317
316 396
317 42
317 54
317 192
317 316
317 524
317 610
318 319
318 1907
318 2088
319 98
319 318
319 356
320 321
321 320
322 157
323 158
323 324
323 642
324 323
325 326
326 325
326 1112
327 328
327 329
328 327
328 329
329 327
329 328
330 331
331 330
332 333
333 332
334 335
335 334
336 337
337 336
338 187
338 339
339 187
339 338
339 956
339 957
339 2166
340 341
340 342
340 784
341 340
341 342
342 340
342 341
343 344
344 343
345 346
346 345
347 219
347 348
348 219
348 347
348 1118
349 350
350 349
351 352
351 968
352 351
352 968
353 146
353 368
353 369
353 1162
353 1222
354 355
355 354
356 98
356 319
357 358
357 359
357 622
358 357
358 359
359 357
359 358
359 921
360 361
360 388
360 912
360 950
361 360
361 544
361 558
361 559
361 655
361 691
361 692
362 363
363 362
364 365
365 364
366 367
367 366
368 223
368 353
368 369
369 353
369 368
370 371
370 372
371 370
371 372
372 370
372 371
373 374
374 373
375 376
376 375
377 378
377 379
378 377
378 379
379 377
379 378
379 651
379 749
380 381
380 1501
381 380
382 383
382 384
382 385
382 858
382 859
383 382
383 384
383 385
384 382
384 383
384 385
384 822
384 856
385 382
385 383
385 384
386 298
386 299
387 193
388 158
388 360
388 389
389 158
389 388
389 545
389 546
389 547
389 550
389 551
389 660
390 391
390 1074
390 1457
391 390
392 393
393 392
394 395
395 394
396 186
396 316
397 398
398 397
398 1399
399 400
400 399
401 402
402 401
403 404
403 418
404 403
405 279
405 408
405 409
405 412
405 2173
405 2174
406 407
406 1892
406 1930
407 406
407 1892
407 1930
407 1980
407 1981
407 1982
408 405
408 409
409 405
409 408
409 890
409 891
409 892
409 893
410 411
410 1493
411 410
411 1493
412 405
412 413
412 2173
412 2174
413 412
414 415
415 414
416 417
416 1683
417 416
418 403
419 420
419 1123
419 1309
420 419
421 422
421 721
422 421
423 424
423 425
424 423
424 425
425 423
425 424
426 427
427 426
428 429
429 428
429 434
429 435
430 431
431 430
432 433
433 432
434 429
434 435
435 429
435 434
436 437
437 436
437 447
437 448
437 465
438 283
439 440
439 441
439 473
439 481
440 439
440 441
440 473
441 439
441 440
441 473
442 443
443 442
443 786
443 787
444 445
444 446
445 444
445 446
445 474
446 444
446 445
447 437
447 448
448 437
448 447
449 450
450 449
451 452
451 453
451 454
452 451
452 453
452 454
453 451
453 452
453 454
454 451
454 452
454 453
455 456
456 455
457 458
457 459
458 457
458 459
459 457
459 458
460 461
461 460
462 463
463 462
463 464
463 466
463 467
463 472
464 463
465 437
466 463
466 467
467 463
467 466
467 1337
468 469
469 468
470 471
471 470
471 1174
472 463
473 439
473 440
473 441
474 445
475 476
476 475
477 478
477 480
478 477
478 480
479 480
479 1080
480 477
480 478
480 479
480 702
481 307
481 439
481 634
482 483
483 482
484 485
485 484
486 487
487 486
487 548
487 966
487 967
488 314
488 489
489 314
489 488
490 491
491 490
492 166
493 494
493 542
494 493
495 496
496 495
497 273
498 499
499 498
500 501
501 500
501 1127
502 503
503 502
504 505
504 506
504 1153
504 1672
505 504
505 506
505 1153
505 1638
505 1672
506 504
506 505
507 508
508 507
509 510
510 509
510 913
510 976
511 512
512 511
513 514
513 2279
513 2280
514 513
514 556
515 516
516 515
517 518
517 1074
517 1173
517 1174
517 1302
517 1362
518 517
519 520
519 521
520 519
520 521
521 519
521 520
522 160
522 523
523 160
523 522
524 317
525 133
526 527
527 526
527 985
527 997
528 529
529 528
530 531
531 530
532 533
532 1661
533 532
534 535
535 534
536 537
537 536
538 539
539 538
540 541
541 540
541 580
541 582
541 583
541 624
542 493
543 158
543 305
544 361
545 389
545 546
545 547
546 389
546 545
546 547
546 623
547 389
547 545
547 546
548 487
548 549
548 966
548 967
548 1238
548 1239
549 548
550 389
550 551
551 389
551 550
552 553
553 552
553 1626
553 1809
554 555
555 554
556 514
556 557
557 556
558 361
558 559
558 691
558 692
558 926
559 361
559 558
559 691
559 692
560 561
560 562
561 560
561 562
562 560
562 561
563 104
563 564
564 104
564 563
565 188
566 567
566 596
566 625
567 566
567 625
567 674
567 675
568 569
568 570
569 568
569 570
570 568
570 569
571 572
571 573
572 571
572 573
573 571
573 572
573 636
573 637
573 638
574 575
575 574
576 577
576 578
576 579
576 580
576 581
576 618
577 576
577 578
577 579
577 580
577 581
577 618
578 576
578 577
578 579
578 580
578 581
578 618
579 576
579 577
579 578
579 580
579 581
579 618
580 541
580 576
580 577
580 578
580 579
580 581
580 618
580 624
581 576
581 577
581 578
581 579
581 580
581 618
582 541
582 583
583 541
583 582
584 585
585 584
586 587
587 586
588 589
589 588
589 679
590 212
590 213
590 699
591 592
591 613
592 591
592 613
593 243
594 595
595 594
596 566
597 598
598 597
599 122
600 283
601 602
602 601
603 28
604 103
604 605
605 604
605 611
605 612
605 614
605 615
606 607
607 606
608 609
609 608
609 1062
609 1727
609 1728
609 1729
610 317
611 605
611 612
612 605
612 611
613 591
613 592
614 605
614 615
615 605
615 614
616 617
617 616
617 1066
618 576
618 577
618 578
618 579
618 580
618 581
619 620
619 621
620 619
620 621
620 639
621 619
621 620
622 357
623 546
624 541
624 580
625 566
625 567
626 627
627 626
628 629
628 1225
629 628
630 631
631 630
632 633
633 632
634 307
634 481
635 217
635 1078
636 573
636 637
636 638
637 573
637 636
637 638
638 573
638 636
638 637
639 620
640 641
641 640
642 158
642 323
643 644
643 645
643 650
644 643
644 645
644 1838
644 1990
644 2029
644 2109
645 643
645 644
646 647
647 646
648 649
649 648
650 643
651 379
652 653
652 654
653 652
653 654
654 652
654 653
655 361
656 657
657 656
658 659
659 658
660 158
660 389
661 662
662 661
663 664
663 665
664 663
664 665
665 663
665 664
666 667
667 666
668 669
669 668
670 307
670 1079
670 1487
671 672
671 673
672 671
672 673
673 671
673 672
674 567
674 675
675 567
675 674
676 677
677 676
678 230
679 589
680 681
680 682
681 680
681 682
682 680
682 681
683 684
683 685
683 686
684 683
685 683
685 686
685 2127
686 683
686 685
687 688
688 687
689 690
690 689
690 1610
690 1611
690 1613
690 1623
690 1761
690 1814
690 1815
691 361
691 558
691 559
691 692
692 361
692 558
692 559
692 691
693 694
693 695
694 693
694 695
695 693
695 694
696 163
697 698
698 697
699 590
700 701
701 700
702 480
703 228
704 705
705 704
706 261
707 708
708 707
709 157
709 166
709 710
709 711
709 718
709 719
709 720
709 788
710 166
710 709
710 711
711 157
711 166
711 709
711 710
711 718
711 720
711 788
712 713
713 712
714 715
715 714
716 717
717 716
718 157
718 709
718 711
718 719
718 720
718 788
719 709
719 718
719 720
720 157
720 709
720 711
720 718
720 719
720 788
721 157
721 158
721 287
721 421
721 949
722 723
723 722
724 725
725 724
726 727
727 726
728 138
728 168
729 730
729 955
730 729
731 732
731 751
731 752
732 731
732 1077
733 61
734 24
734 750
734 789
734 790
735 736
736 735
737 738
738 737
738 1293
738 1349
739 740
739 741
739 1991
739 2254
740 739
740 741
741 739
741 740
742 146
743 744
743 745
744 743
744 745
744 1041
745 171
745 743
745 744
745 2183
745 2184
745 2185
746 747
746 780
747 746
748 271
749 379
750 734
751 731
751 752
752 731
752 751
753 754
754 753
754 785
755 51
755 52
756 757
757 756
758 158
759 760
760 759
760 941
760 942
761 762
761 2159
762 761
763 764
763 765
763 793
764 763
764 765
764 793
765 763
765 764
766 767
767 766
768 769
768 770
769 768
769 770
769 1360
770 768
770 769
771 772
771 773
772 771
772 773
773 771
773 772
774 775
775 774
776 777
777 776
778 779
779 778
780 746
780 910
780 911
781 782
781 783
782 781
782 783
783 781
783 782
784 340
785 754
786 443
786 787
787 443
787 786
788 157
788 709
788 711
788 718
788 720
788 2165
789 734
789 790
790 734
790 789
791 792
792 791
793 763
793 764
794 795
795 794
796 797
796 798
797 796
797 798
798 796
798 797
799 800
800 799
801 802
802 801
803 804
803 805
804 803
804 805
805 803
805 804
806 807
807 806
808 809
808 810
809 808
809 810
810 808
810 809
811 812
811 901
811 902
811 903
811 904
811 1137
812 811
812 902
812 903
812 904
812 1137
812 1604
812 1756
813 814
814 813
815 816
815 817
816 815
816 817
816 929
816 930
816 1860
816 2021
816 2022
817 815
817 816
818 819
819 818
820 821
821 820
821 862
822 384
822 823
822 856
823 822
824 825
824 1106
824 1142
825 824
825 836
825 837
825 847
825 856
825 857
826 827
826 907
827 826
827 834
827 835
827 907
827 919
827 947
828 829
829 828
830 831
831 830
832 833
832 1157
833 832
834 827
834 835
835 827
835 834
836 825
836 837
836 886
837 825
837 836
837 856
837 857
838 839
839 838
840 841
841 840
842 843
842 844
843 842
843 844
844 842
844 843
845 846
845 868
845 900
846 845
847 825
847 2039
847 2040
848 849
849 848
850 851
851 850
851 1158
852 853
853 852
854 855
855 854
856 384
856 822
856 825
856 837
856 857
856 865
857 825
857 837
857 856
857 865
858 382
858 859
859 382
859 858
859 1827
859 1828
860 861
861 860
862 821
863 864
864 863
864 1143
864 1144
865 856
865 857
865 1101
865 1102
866 867
867 866
868 845
868 900
869 870
869 871
870 869
870 871
870 874
871 869
871 870
872 873
873 872
874 870
875 876
876 875
877 878
877 1125
877 1126
878 877
879 880
880 879
880 896
881 882
882 881
882 887
883 884
883 885
883 886
883 1094
884 883
884 885
884 886
884 1094
885 883
885 884
885 886
886 836
886 883
886 884
886 885
887 882
887 1097
887 1124
888 889
889 888
890 409
890 891
890 892
890 893
891 409
891 890
891 892
891 893
892 409
892 890
892 891
892 893
893 409
893 890
893 891
893 892
893 1146
894 895
895 894
896 880
897 898
897 899
898 897
898 899
898 2212
899 897
899 898
899 2212
900 845
900 868
901 811
901 902
901 903
901 904
902 811
902 812
902 901
902 903
902 904
902 1125
902 1137
902 1145
903 811
903 812
903 901
903 902
903 904
903 1137
904 811
904 812
904 901
904 902
904 903
904 1125
904 1137
904 1145
905 906
906 905
907 826
907 827
907 908
907 909
907 1104
908 907
908 909
908 1104
908 1119
909 907
909 908
909 1104
910 780
910 911
911 780
911 910
912 360
912 950
913 510
914 915
915 914
915 1172
915 1173
915 1174
916 309
917 918
918 917
919 827
919 920
919 947
920 919
921 359
922 923
922 974
922 975
923 922
924 925
925 924
926 558
927 928
928 927
929 816
929 930
930 816
930 929
931 932
931 933
932 931
932 933
933 931
933 932
934 935
935 934
935 1175
936 138
936 937
936 938
937 137
937 138
937 936
937 938
937 962
938 138
938 936
938 937
939 940
939 954
940 939
940 954
941 760
941 942
941 1429
941 1430
942 760
942 941
943 166
943 944
944 166
944 943
945 946
946 945
947 827
947 919
948 166
949 287
949 721
950 360
950 912
951 952
951 953
951 1174
951 1298
951 1753
951 1754
951 1889
951 1945
951 1946
952 951
952 953
953 951
953 952
954 939
954 940
955 729
956 339
956 957
957 339
957 956
958 959
959 958
960 961
961 960
962 134
962 137
962 138
962 937
962 963
963 134
963 962
964 965
965 964
966 487
966 548
966 967
966 1067
966 1278
966 1518
966 1907
967 487
967 548
967 966
967 1421
968 351
968 352
969 970
969 971
970 969
970 971
971 969
971 970
972 973
973 972
974 922
974 975
975 922
975 974
976 510
977 978
977 1040
978 977
979 980
979 981
979 1128
979 1129
980 979
980 981
981 979
981 980
982 983
982 1159
982 1197
983 982
984 985
985 527
985 984
985 997
985 2170
986 987
986 988
986 989
987 986
987 988
987 989
988 986
988 987
988 989
989 986
989 987
989 988
990 991
991 990
992 993
992 994
992 2017
993 992
993 994
994 992
994 993
995 996
996 995
997 527
997 985
998 999
999 998
1000 1001
1001 1000
1002 1003
1003 1002
1004 1005
1004 1006
1005 1004
1005 1006
1006 1004
1006 1005
1007 1008
1008 1007
1009 1010
1010 1009
1011 1012
1012 1011
1013 1014
1013 1015
1014 1013
1014 1015
1015 1013
1015 1014
1016 1017
1016 1018
1016 1019
1016 1020
1016 1021
1017 1016
1017 1018
1017 1019
1017 1020
1017 1021
1018 1016
1018 1017
1018 1019
1018 1020
1018 1021
1019 1016
1019 1017
1019 1018
1019 1020
1019 1021
1020 1016
1020 1017
1020 1018
1020 1019
1020 1021
1021 1016
1021 1017
1021 1018
1021 1019
1021 1020
1022 1023
1023 1022
1024 1025
1024 1026
1024 1037
1024 2232
1025 1024
1025 1026
1026 1024
1026 1025
1027 1028
1028 1027
1029 1030
1030 1029
1031 1032
1032 1031
1033 1034
1033 1035
1033 1036
1034 1033
1034 1035
1034 1036
1035 1033
1035 1034
1035 1036
1036 1033
1036 1034
1036 1035
1037 1024
1037 1038
1038 1037
1039 1040
1040 977
1040 1039
1041 18
1041 744
1042 1043
1042 1525
1043 1042
1043 1329
1043 1330
1043 1331
1043 1332
1043 1359
1043 1458
1044 1045
1044 1046
1045 1044
1045 1046
1046 1044
1046 1045
1047 1048
1048 1047
1049 1050
1050 1049
1050 2156
1051 1052
1051 1053
1052 1051
1052 1053
1053 1051
1053 1052
1054 1055
1055 1054
1056 1057
1057 1056
1058 1059
1058 1079
1059 1058
1060 41
1061 1062
1062 609
1062 1061
1062 1299
1062 1727
1062 1728
1062 1729
1063 1064
1063 1065
1064 1063
1064 1065
1065 1063
1065 1064
1066 617
1067 966
1068 41
1069 1070
1070 1069
1071 1072
1072 1071
1073 1074
1073 1075
1073 1076
1073 1590
1074 390
1074 517
1074 1073
1074 1075
1074 1076
1074 1324
1074 1444
1074 1457
1074 1523
1075 1073
1075 1074
1075 1076
1076 1073
1076 1074
1076 1075
1076 1564
1077 732
1078 635
1079 670
1079 1058
1079 1487
1080 479
1080 1275
1081 234
1081 290
1082 1083
1083 1082
1084 52
1085 283
1086 152
1086 153
1087 1088
1088 1087
1089 292
1090 1091
1090 1092
1090 1093
1091 1090
1091 1092
1091 1093
1092 1090
1092 1091
1092 1093
1093 1090
1093 1091
1093 1092
1094 883
1094 884
1095 1096
1096 1095
1097 887
1097 1098
1097 1124
1098 1097
1099 1100
1100 1099
1101 865
1101 1102
1102 865
1102 1101
1102 1109
1102 1113
1102 1114
1102 1115
1103 1104
1104 907
1104 908
1104 909
1104 1103
1104 1119
1105 1106
1105 1107
1105 1108
1105 1121
1106 824
1106 1105
1106 1107
1106 1108
1106 1121
1106 1142
1107 1105
1107 1106
1107 1108
1108 1105
1108 1106
1108 1107
1109 1102
1110 1111
1111 1110
1112 326
1113 1102
1113 1114
1113 1115
1114 1102
1114 1113
1114 1115
1115 1102
1115 1113
1115 1114
1116 1117
1117 1116
1118 348
1119 908
1119 1104
1119 1120
1120 1119
1121 1105
1121 1106
1122 1123
1123 419
1123 1122
1124 887
1124 1097
1125 877
1125 902
1125 904
1125 1126
1125 1137
1125 1145
1125 1378
1126 877
1126 1125
1127 501
1128 979
1128 1129
1129 979
1129 1128
1130 1131
1131 1130
1132 1133
1133 1132
1134 1135
1134 1136
1134 1154
1135 1134
1135 1136
1135 1154
1136 1134
1136 1135
1136 1154
1137 811
1137 812
1137 902
1137 903
1137 904
1137 1125
1137 1145
1138 1139
1139 1138
1140 1141
1140 1153
1140 1155
1140 1156
1141 1140
1141 1153
1141 1155
1141 1156
1142 824
1142 1106
1143 864
1143 1144
1144 864
1144 1143
1145 902
1145 904
1145 1125
1145 1137
1146 893
1147 1148
1148 1147
1149 1150
1150 1149
1151 1152
1152 1151
1153 504
1153 505
1153 1140
1153 1141
1153 1672
1153 2155
1154 1134
1154 1135
1154 1136
1155 1140
1155 1141
1155 1156
1156 1140
1156 1141
1156 1155
1157 832
1158 851
1159 136
1159 982
1159 1197
1160 1161
1161 1160
1161 1228
1161 1229
1162 353
1162 1163
1162 1217
1162 1222
1162 1270
1162 1468
1163 1162
1164 1165
1165 1164
1166 1167
1167 1166
1168 1169
1169 1168
1170 1171
1170 1510
1171 1170
1172 915
1172 1173
1172 1174
1173 517
1173 915
1173 1172
1173 1174
1173 1302
1173 1303
1173 1304
1173 1398
1174 471
1174 517
1174 915
1174 951
1174 1172
1174 1173
1174 1298
1174 1302
1174 1303
1174 1304
1174 1362
1174 1398
1174 1481
1175 935
1176 1177
1177 1176
1178 1179
1179 1178
1180 1181
1181 1180
1181 1189
1181 1192
1182 1183
1182 1184
1183 1182
1183 1184
1184 1182
1184 1183
1185 1186
1185 1214
1185 1215
1186 1185
1186 1250
1186 1597
1187 1188
1187 1205
1188 1187
1189 1181
1190 1191
1191 1190
1192 1181
1193 1194
1194 1193
1195 1196
1196 1195
1197 982
1197 1159
1198 1199
1198 1200
1198 1201
1198 1202
1199 1198
1199 1200
1199 1201
1199 1202
1200 1198
1200 1199
1200 1201
1200 1202
1201 1198
1201 1199
1201 1200
1201 1202
1202 1198
1202 1199
1202 1200
1202 1201
1203 1204
1204 1203
1205 1187
1206 1207
1206 1208
1206 1217
1206 1218
1206 1219
1207 1206
1207 1208
1208 1206
1208 1207
1209 1210
1209 1211
1210 1209
1210 1211
1211 1209
1211 1210
1212 1213
1213 1212
1214 1185
1214 1215
1214 1233
1214 1719
1215 1185
1215 1214
1215 2224
1216 1217
1216 1218
1216 1219
1217 1162
1217 1206
1217 1216
1217 1218
1217 1219
1217 1222
1217 1237
1217 1270
1217 1288
1217 1289
1217 1290
1217 1356
1217 1357
1217 1468
1218 1206
1218 1216
1218 1217
1218 1219
1218 1237
1218 1270
1218 1278
1218 1356
1218 1357
1219 1206
1219 1216
1219 1217
1219 1218
1219 1237
1220 1221
1221 1220
1222 353
1222 1162
1222 1217
1222 1266
1222 1419
1222 1543
1222 1544
1223 1224
1224 1223
1225 628
1226 1227
1227 1226
1227 2164
1228 1161
1228 1229
1229 1161
1229 1228
1230 1231
1230 1232
1231 1230
1231 1232
1231 1593
1232 1230
1232 1231
1232 1518
1233 1214
1234 1235
1234 1236
1235 1234
1235 1236
1236 1234
1236 1235
1237 1217
1237 1218
1237 1219
1238 548
1238 1239
1239 548
1239 1238
1240 1241
1241 1240
1242 1243
1243 1242
1244 1245
1244 1246
1244 1247
1245 1244
1245 1246
1245 1247
1246 1244
1246 1245
1246 1247
1247 1244
1247 1245
1247 1246
1248 1249
1249 1248
1250 1186
1251 1252
1252 1251
1252 1576
1252 2241
1252 2242
1253 1254
1254 1253
1254 1445
1255 1256
1255 1283
1256 1255
1256 1283
1256 1393
1256 1438
1257 1258
1257 1480
1258 1257
1259 1260
1260 1259
1260 1343
1260 1410
1260 1476
1260 1512
1261 1262
1262 1261
1263 1264
1263 1265
1264 1263
1264 1265
1265 1263
1265 1264
1266 1222
1266 1267
1267 1266
1268 1269
1268 1484
1269 1268
1270 1162
1270 1217
1270 1218
1270 1468
1271 1272
1272 1271
1273 1274
1274 1273
1275 1080
1275 1327
1276 1277
1277 1276
1278 966
1278 1218
1278 1511
1279 136
1279 1280
1279 1281
1280 136
1280 1279
1280 1281
1280 1641
1280 1642
1281 136
1281 1279
1281 1280
1281 1641
1281 1642
1282 1283
1282 1305
1282 1306
1282 1307
1282 1308
1282 1309
1282 1321
1282 1334
1282 1340
1282 1381
1282 1382
1282 1383
1282 1442
1283 1255
1283 1256
1283 1282
1283 1320
1284 1285
1284 1291
1285 1284
1285 1291
1286 1287
1287 1286
1287 1377
1288 1217
1288 1289
1288 1290
1289 1217
1289 1288
1289 1290
1290 1217
1290 1288
1290 1289
1290 1447
1291 1284
1291 1285
1292 1293
1293 738
1293 1292
1293 1349
1294 1295
1295 1294
1295 1361
1296 1297
1296 1298
1297 1296
1297 1298
1298 951
1298 1174
1298 1296
1298 1297
1299 1062
1299 1339
1300 1301
1301 1300
1302 517
1302 1173
1302 1174
1302 1303
1302 1304
1302 1362
1302 1398
1302 1505
1302 1583
1303 1173
1303 1174
1303 1302
1303 1304
1303 1406
1303 1407
1304 1173
1304 1174
1304 1302
1304 1303
1305 1282
1305 1306
1305 1307
1305 1308
1305 1309
1305 1340
1306 1282
1306 1305
1306 1307
1306 1308
1306 1309
1306 1340
1306 1365
1306 1366
1307 1282
1307 1305
1307 1306
1307 1308
1307 1309
1307 1340
1308 1282
1308 1305
1308 1306
1308 1307
1308 1309
1308 1340
1309 419
1309 1282
1309 1305
1309 1306
1309 1307
1309 1308
1309 1340
1309 1405
1310 1311
1311 1310
1312 1313
1313 1312
1314 1315
1314 1358
1314 1391
1314 1450
1315 1314
1315 1450
1316 1317
1316 1333
1317 1316
1318 1319
1319 1318
1320 1283
1320 1338
1320 1342
1320 1344
1320 1394
1320 1397
1320 1441
1321 1282
1322 1323
1323 1322
1324 1074
1324 1325
1324 1326
1324 1523
1325 1324
1325 1326
1325 1384
1326 1324
1326 1325
1327 1275
1327 1328
1327 1343
1328 1327
1329 1043
1329 1330
1329 1331
1329 1332
1330 1043
1330 1329
1330 1331
1330 1332
1330 2026
1331 1043
1331 1329
1331 1330
1331 1332
1331 1335
1331 1454
1332 1043
1332 1329
1332 1330
1332 1331
1332 1458
1333 1316
1334 1282
1335 1331
1335 1336
1335 1454
1336 1335
1337 467
1338 1320
1339 1299
1340 1282
1340 1305
1340 1306
1340 1307
1340 1308
1340 1309
1341 1342
1342 1320
1342 1341
1342 1397
1343 1260
1343 1327
1343 1410
1344 1320
1344 1394
1345 1346
1345 1347
1346 1345
1346 1347
1346 1538
1346 1539
1347 1345
1347 1346
1348 1349
1349 738
1349 1293
1349 1348
1350 1351
1350 1412
1350 1413
1351 1350
1351 1412
1351 1413
1352 1353
1353 1352
1354 1355
1355 1354
1355 1374
1355 1428
1356 1217
1356 1218
1356 1357
1357 1217
1357 1218
1357 1356
1358 1314
1359 1043
1360 769
1361 1295
1362 517
1362 1174
1362 1302
1362 1398
1362 1505
1362 1583
1363 1364
1363 1628
1364 1363
1365 1306
1365 1366
1366 1306
1366 1365
1367 1368
1367 1369
1368 1367
1368 1369
1369 1367
1369 1368
1370 1371
1370 1440
1371 1370
1372 1373
1373 1372
1374 1355
1375 1376
1376 1375
1377 1287
1378 1125
1379 1380
1380 1379
1380 1381
1380 1411
1380 1424
1380 1425
1380 1451
1381 1282
1381 1380
1381 1382
1381 1383
1381 1424
1381 1425
1382 1282
1382 1381
1382 1383
1383 1282
1383 1381
1383 1382
1384 1325
1385 1386
1386 1385
1387 1388
1388 1387
1389 1390
1390 1389
1391 1314
1392 1393
1393 1256
1393 1392
1393 1438
1394 1320
1394 1344
1395 1396
1396 1395
1397 1320
1397 1342
1398 1173
1398 1174
1398 1302
1398 1362
1398 1503
1398 1504
1398 1505
1399 398
1400 1401
1400 1783
1400 1784
1400 1785
1400 1786
1401 1400
1402 1403
1402 1404
1403 1402
1403 1404
1404 1402
1404 1403
1405 1309
1405 2084
1405 2366
1406 1303
1406 1407
1407 1303
1407 1406
1408 1409
1409 1408
1410 1260
1410 1343
1410 1476
1411 1380
1412 1350
1412 1351
1412 1413
1413 1350
1413 1351
1413 1412
1414 1415
1415 1414
1416 1417
1417 1416
1418 1419
1418 1420
1419 1222
1419 1418
1419 1420
1419 1543
1419 1544
1420 1418
1420 1419
1421 967
1422 1423
1423 1422
1424 1380
1424 1381
1424 1425
1425 1380
1425 1381
1425 1424
1426 1427
1427 1426
1428 1355
1429 941
1429 1430
1430 941
1430 1429
1431 1432
1432 1431
1433 1434
1434 1433
1435 1436
1435 1437
1436 1435
1436 1437
1437 1435
1437 1436
1438 1256
1438 1393
1439 1440
1440 1370
1440 1439
1441 1320
1442 1282
1443 1444
1444 1074
1444 1443
1445 1254
1445 1446
1446 1445
1447 1290
1448 1449
1449 1448
1450 1314
1450 1315
1451 1380
1452 1453
1453 1452
1454 1331
1454 1335
1455 1456
1456 1455
1457 390
1457 1074
1458 1043
1458 1332
1459 1460
1459 1461
1459 1724
1459 2204
1459 2205
1460 1459
1460 1461
1460 1522
1461 1459
1461 1460
1462 1463
1462 1474
1462 1475
1462 1479
1463 1462
1464 1465
1465 1464
1466 1467
1467 1466
1467 1482
1467 1540
1468 1162
1468 1217
1468 1270
1469 1470
1470 1469
1471 1472
1471 1473
1472 1471
1472 1473
1473 1471
1473 1472
1474 1462
1474 1475
1475 1462
1475 1474
1476 1260
1476 1410
1477 1478
1478 1477
1479 1462
1480 1257
1481 1174
1482 1467
1482 1483
1483 1482
1484 1268
1485 1486
1486 1485
1487 670
1487 1079
1487 1569
1488 1489
1488 1490
1489 1488
1489 1490
1490 1488
1490 1489
1491 1492
1492 1491
1493 410
1493 411
1493 1494
1494 1493
1495 1496
1496 1495
1497 1498
1498 1497
1499 1500
1500 1499
1501 380
1501 1502
1502 1501
1503 1398
1503 1504
1504 1398
1504 1503
1505 1302
1505 1362
1505 1398
1506 1507
1507 1506
1508 1509
1509 1508
1510 1170
1510 1535
1511 1278
1512 1260
1513 1514
1513 1515
1514 1513
1514 1515
1515 1513
1515 1514
1516 1517
1517 1516
1518 966
1518 1232
1519 1520
1519 1521
1520 1519
1520 1521
1521 1519
1521 1520
1521 1524
1522 1460
1523 1074
1523 1324
1524 1521
1525 1042
1526 1527
1527 1526
1528 1529
1529 1528
1530 1531
1530 1532
1531 1530
1531 1532
1531 1582
1531 1594
1532 1530
1532 1531
1533 1534
1534 1533
1535 1510
1536 100
1536 1537
1537 1536
1538 1346
1538 1539
1539 1346
1539 1538
1540 1467
1541 1542
1542 1541
1543 1222
1543 1419
1543 1544
1544 1222
1544 1419
1544 1543
1545 1546
1546 1545
1547 1548
1547 1549
1548 1547
1549 1547
1550 1551
1551 1550
1552 1553
1553 1552
1553 1554
1554 1553
1555 1556
1556 1555
1557 1558
1558 1557
1559 1560
1559 1561
1560 1559
1561 1559
1562 1563
1563 1562
1564 1076
1565 1566
1566 1565
1567 1568
1568 1567
1569 1487
1570 1571
1571 1570
1572 1573
1573 1572
1574 1575
1575 1574
1576 1252
1576 1577
1576 2225
1576 2241
1576 2242
1577 1576
1578 1579
1578 1580
1579 1578
1580 1578
1581 1582
1582 1531
1582 1581
1582 1594
1583 1302
1583 1362
1584 1585
1585 1584
1586 1587
1587 1586
1588 1589
1588 1855
1589 1588
1590 1073
1591 1592
1592 1591
1593 1231
1593 2262
1594 1531
1594 1582
1595 1596
1596 1595
1597 1186
1598 1599
1599 1598
1599 1858
1600 1601
1600 1973
1600 1974
1601 1600
1602 1603
1603 1602
1604 812
1604 1643
1605 1606
1605 1607
1605 1687
1606 1605
1606 1607
1607 1605
1607 1606
1608 1609
1609 1608
1610 690
1610 1611
1611 690
1611 1610
1611 1623
1611 1814
1611 1815
1612 1613
1613 690
1613 1612
1614 1615
1615 1614
1615 1659
1615 1660
1616 1617
1617 1616
1618 1619
1618 1620
1619 1618
1619 1620
1619 1622
1619 1720
1619 1992
1620 1618
1620 1619
1620 1992
1621 227
1621 1861
1622 1619
1622 1818
1622 1909
1622 1983
1622 2299
1623 74
1623 690
1623 1611
1623 1814
1624 1625
1624 1626
1624 1627
1625 1624
1625 1626
1625 1627
1625 1786
1626 553
1626 1624
1626 1625
1626 1627
1626 1809
1627 1624
1627 1625
1627 1626
1627 1905
1627 1906
1628 1363
1629 1630
1630 1629
1631 1632
1631 1633
1632 1631
1632 1633
1633 1631
1633 1632
1634 1635
1634 2032
1635 1634
1635 1732
1635 1733
1635 2032
1636 1637
1637 1636
1637 1726
1638 505
1639 1640
1639 1801
1640 1639
1641 1280
1641 1281
1641 1642
1641 1643
1641 1829
1641 2034
1641 2041
1642 1280
1642 1281
1642 1641
1642 1643
1642 1721
1642 1829
1642 2034
1642 2041
1643 1604
1643 1641
1643 1642
1643 1829
1643 2034
1644 1645
1645 1644
1645 1684
1646 1647
1647 1646
1648 1649
1648 2047
1649 1648
1649 1781
1649 1967
1649 2047
1650 1651
1650 1652
1650 1876
1651 1650
1651 1652
1651 1876
1652 163
1652 1650
1652 1651
1652 1890
1653 1654
1653 1655
1653 1656
1654 1653
1654 1655
1654 1656
1655 1653
1655 1654
1655 1656
1656 1653
1656 1654
1656 1655
1657 1658
1658 1657
1659 1615
1659 1660
1660 1615
1660 1659
1661 532
1661 1662
1661 1663
1661 1822
1661 2073
1661 2074
1662 1661
1662 1663
1663 1661
1663 1662
1663 1822
1663 1877
1663 2073
1663 2074
1664 1665
1664 1877
1664 2091
1664 2092
1665 1664
1665 1877
1666 1667
1667 1666
1668 1669
1669 1668
1670 1671
1671 1670
1672 504
1672 505
1672 1153
1673 1674
1673 1675
1674 1673
1674 1675
1675 1673
1675 1674
1676 1677
1676 1678
1677 1676
1677 1678
1678 1676
1678 1677
1679 1680
1680 1679
1681 41
1681 1682
1681 1805
1681 1806
1681 1807
1681 1840
1681 2089
1681 2090
1682 1681
1683 416
1683 1989
1683 1990
1684 1645
1684 1912
1684 1913
1684 1914
1685 1686
1686 1685
1687 1605
1688 1689
1688 1690
1689 1688
1689 1690
1690 1688
1690 1689
1690 1763
1690 1764
1690 1765
1691 1692
1692 1691
1693 1694
1694 1693
1695 1696
1695 1868
1695 1869
1696 1695
1697 1698
1698 1697
1699 1700
1699 1701
1699 1702
1699 1793
1700 1699
1700 1701
1700 1702
1700 1808
1701 1699
1701 1700
1701 1702
1702 1699
1702 1700
1702 1701
1702 1716
1702 1793
1702 1794
1702 1808
1703 1704
1704 1703
1705 1706
1706 1705
1707 1708
1708 1707
1709 1710
1709 1711
1709 1712
1710 1709
1710 1711
1710 1712
1710 1951
1711 1709
1711 1710
1711 1712
1712 1709
1712 1710
1712 1711
1713 1714
1713 1715
1714 1713
1714 1715
1715 119
1715 1713
1715 1714
1715 1850
1716 1702
1717 1718
1717 2035
1718 1717
1719 1214
1719 2035
1719 2079
1719 2080
1719 2081
1720 1619
1721 1642
1722 1723
1722 1852
1723 1722
1724 1459
1724 1819
1724 2204
1724 2205
1725 279
1726 1637
1726 1900
1727 609
1727 1062
1727 1728
1727 1729
1728 609
1728 1062
1728 1727
1728 1729
1729 609
1729 1062
1729 1727
1729 1728
1730 1731
1731 1730
1731 1845
1732 1635
1732 1733
1733 1635
1733 1732
1734 1735
1735 1734
1736 1737
1736 1877
1737 1736
1737 2068
1738 1739
1739 1738
1740 1741
1740 1742
1741 1740
1741 1742
1742 1740
1742 1741
1742 1907
1742 2112
1743 1744
1743 1791
1743 1792
1744 1743
1744 1791
1744 1792
1745 1746
1745 1747
1745 1748
1746 1745
1746 1747
1746 1748
1747 1745
1747 1746
1747 1748
1748 1745
1748 1746
1748 1747
1749 1750
1750 1749
1751 1752
1752 1751
1753 951
1753 1754
1753 1889
1754 951
1754 1753
1754 1889
1755 1756
1755 1757
1755 1758
1755 1960
1756 812
1756 1755
1756 1757
1756 1758
1757 1755
1757 1756
1757 1758
1757 1960
1758 1755
1758 1756
1758 1757
1758 1960
1759 1760
1760 1759
1761 690
1761 1762
1762 1761
1763 1690
1763 1764
1763 1765
1764 1690
1764 1763
1764 1765
1765 1690
1765 1763
1765 1764
1766 1767
1767 1766
1768 1769
1768 2349
1769 83
1769 88
1769 119
1769 120
1769 1768
1769 2048
1770 1771
1771 1770
1772 1773
1773 1772
1774 1775
1775 1774
1776 1777
1776 1778
1777 1776
1777 1778
1778 1776
1778 1777
1779 1780
1779 1781
1779 1782
1780 1779
1780 1781
1780 1782
1780 2046
1781 1649
1781 1779
1781 1780
1781 1782
1781 1967
1781 2020
1781 2046
1782 1779
1782 1780
1782 1781
1783 1400
1783 1784
1783 1785
1783 1786
1784 1400
1784 1783
1784 1785
1784 1786
1785 1400
1785 1783
1785 1784
1785 1786
1786 1400
1786 1625
1786 1783
1786 1784
1786 1785
1787 1788
1787 1824
1788 1787
1789 1790
1789 2066
1789 2067
1790 1789
1790 2066
1790 2067
1791 1743
1791 1744
1791 1792
1792 1743
1792 1744
1792 1791
1793 1699
1793 1702
1793 1794
1793 2033
1794 1702
1794 1793
1795 1796
1796 1795
1797 1798
1798 1797
1799 1800
1799 2049
1799 2050
1799 2077
1800 1799
1801 1639
1802 1803
1802 1804
1802 1903
1802 1904
1803 1802
1803 1804
1803 1903
1803 1904
1804 1802
1804 1803
1805 41
1805 1681
1805 1806
1805 1807
1806 41
1806 1681
1806 1805
1806 1807
1806 1840
1807 41
1807 1681
1807 1805
1807 1806
1808 1700
1808 1702
1809 553
1809 1626
1809 1874
1809 1875
1810 1811
1811 1810
1811 1964
1812 1813
1813 1812
1814 690
1814 1611
1814 1623
1814 1815
1815 690
1815 1611
1815 1814
1816 1817
1816 1818
1817 1816
1817 1818
1818 1622
1818 1816
1818 1817
1818 1909
1818 1983
1818 2299
1819 1724
1820 1821
1821 1820
1822 238
1822 1661
1822 1663
1822 1857
1822 2073
1822 2074
1823 1824
1823 1918
1824 1787
1824 1823
1825 1826
1826 1825
1827 859
1827 1828
1828 859
1828 1827
1829 1641
1829 1642
1829 1643
1829 1830
1829 1831
1829 1832
1829 2034
1829 2041
1830 1829
1830 1831
1830 1832
1831 1829
1831 1830
1831 1832
1832 1829
1832 1830
1832 1831
1833 1834
1834 1833
1834 2255
1835 1836
1836 1835
1836 2245
1837 1838
1837 1839
1838 644
1838 1837
1838 1839
1838 2029
1839 1837
1839 1838
1840 1681
1840 1806
1841 1842
1841 1843
1841 1844
1842 1841
1842 1843
1842 1844
1843 1841
1843 1842
1843 1844
1844 1841
1844 1842
1844 1843
1845 1731
1846 1847
1847 1846
1848 1849
1849 1848
1850 1715
1850 1851
1851 1850
1852 1722
1853 1854
1854 1853
1855 1588
1855 1856
1856 1855
1857 238
1857 1822
1858 1599
1858 1979
1859 1860
1860 816
1860 1859
1860 1891
1860 2015
1860 2016
1860 2021
1860 2022
1861 1621
1862 1863
1863 1862
1864 1865
1864 2094
1864 2095
1864 2096
1865 1864
1866 1867
1867 1866
1868 1695
1868 1869
1869 145
1869 1695
1869 1868
1869 1878
1869 1879
1869 1880
1870 1871
1871 1870
1872 1873
1873 1872
1874 1809
1874 1875
1875 1809
1875 1874
1876 1650
1876 1651
1877 1663
1877 1664
1877 1665
1877 1736
1878 145
1878 1869
1878 1879
1878 1880
1879 145
1879 1869
1879 1878
1879 1880
1880 145
1880 1869
1880 1878
1880 1879
1881 1882
1882 1881
1883 1884
1884 1883
1885 1886
1886 1885
1887 1888
1888 1887
1889 951
1889 1753
1889 1754
1890 163
1890 1652
1891 1860
1892 406
1892 407
1892 1930
1892 1980
1892 1981
1892 1982
1893 1894
1893 1895
1894 1893
1894 1895
1895 1893
1895 1894
1896 1897
1897 1896
1898 1899
1898 1900
1899 1898
1899 1900
1900 1726
1900 1898
1900 1899
1901 1902
1902 1901
1903 1802
1903 1803
1903 1904
1904 1802
1904 1803
1904 1903
1905 1627
1905 1906
1906 1627
1906 1905
1907 318
1907 966
1907 1742
1907 2088
1907 2112
1907 2132
1908 1909
1908 2057
1909 1622
1909 1818
1909 1908
1909 1983
1909 2057
1909 2299
1910 1911
1911 1910
1912 1684
1912 1913
1912 1914
1913 1684
1913 1912
1913 1914
1913 2136
1914 1684
1914 1912
1914 1913
1914 2136
1915 1916
1915 1917
1915 2197
1915 2206
1916 1915
1916 1917
1916 2069
1916 2070
1916 2071
1917 1915
1917 1916
1918 1823
1919 1920
1919 1921
1920 1919
1920 1921
1921 1919
1921 1920
1922 1923
1923 1922
1924 1925
1924 1926
1924 1927
1925 1924
1925 1926
1925 1927
1926 1924
1926 1925
1926 1927
1927 1924
1927 1925
1927 1926
1928 1929
1929 1928
1930 406
1930 407
1930 1892
1931 1932
1931 1933
1932 1931
1932 1933
1933 1931
1933 1932
1934 1935
1935 1934
1935 1968
1936 1937
1937 1936
1938 1939
1938 1940
1939 1938
1939 1940
1940 1938
1940 1939
1941 1942
1941 1943
1941 1944
1942 1941
1942 1943
1942 1944
1943 1941
1943 1942
1943 1944
1944 1941
1944 1942
1944 1943
1944 2118
1945 951
1945 1946
1946 951
1946 1945
1947 1948
1948 1947
1949 1950
1950 1949
1951 1710
1952 1953
1953 1952
1954 1955
1954 1997
1955 1954
1956 1957
1957 1956
1958 1959
1959 1958
1960 1755
1960 1757
1960 1758
1960 2221
1960 2222
1960 2223
1961 1962
1961 1963
1962 1961
1962 1963
1963 1961
1963 1962
1964 1811
1965 1966
1965 1967
1966 1965
1966 1967
1967 1649
1967 1781
1967 1965
1967 1966
1968 1935
1969 1970
1970 1969
1971 1972
1972 1971
1973 1600
1973 1974
1974 1600
1974 1973
1975 1976
1976 1975
1977 1978
1978 1977
1979 1858
1980 407
1980 1892
1980 1981
1980 1982
1981 407
1981 1892
1981 1980
1981 1982
1982 407
1982 1892
1982 1980
1982 1981
1983 1622
1983 1818
1983 1909
1983 2299
1984 1985
1985 1984
1986 1987
1986 1988
1987 1986
1987 1988
1988 1986
1988 1987
1989 1683
1989 1990
1990 644
1990 1683
1990 1989
1990 2109
1991 739
1991 2139
1991 2254
1991 2337
1991 2338
1991 2339
1992 1619
1992 1620
1993 1994
1994 1993
1995 1996
1996 1995
1997 1954
1998 1999
1999 1998
2000 2001
2001 2000
2002 98
2003 2004
2004 2003
2005 2006
2006 2005
2007 2008
2008 2007
2009 2010
2010 2009
2011 2012
2011 2082
2012 2011
2013 2014
2014 2013
2015 1860
2015 2016
2016 1860
2016 2015
2017 992
2018 2019
2019 2018
2020 1781
2021 816
2021 1860
2021 2022
2022 816
2022 1860
2022 2021
2023 2024
2023 2025
2024 2023
2024 2025
2025 2023
2025 2024
2026 1330
2027 2028
2027 2078
2028 2027
2029 644
2029 1838
2030 2031
2031 2030
2032 1634
2032 1635
2033 1793
2034 1641
2034 1642
2034 1643
2034 1829
2035 249
2035 1717
2035 1719
2035 2051
2035 2052
2035 2055
2035 2056
2035 2079
2035 2080
2035 2081
2036 2037
2036 2038
2037 2036
2037 2038
2038 2036
2038 2037
2039 847
2039 2040
2040 847
2040 2039
2041 1641
2041 1642
2041 1829
2042 2043
2043 2042
2044 2045
2045 2044
2046 1780
2046 1781
2047 1648
2047 1649
2048 83
2048 88
2048 119
2048 120
2048 1769
2049 1799
2049 2050
2050 1799
2050 2049
2051 249
2051 2035
2051 2052
2052 249
2052 2035
2052 2051
2053 2054
2054 2053
2055 2035
2055 2056
2056 2035
2056 2055
2057 1908
2057 1909
2058 2059
2058 2060
2059 2058
2059 2060
2060 2058
2060 2059
2061 2062
2061 2063
2062 2061
2062 2063
2063 2061
2063 2062
2063 2113
2064 2065
2065 2064
2066 1789
2066 1790
2066 2067
2066 2142
2067 1789
2067 1790
2067 2066
2067 2142
2067 2147
2068 1737
2069 1916
2069 2070
2069 2071
2070 1916
2070 2069
2070 2071
2071 1916
2071 2069
2071 2070
2072 86
2072 119
2072 120
2073 1661
2073 1663
2073 1822
2073 2074
2074 1661
2074 1663
2074 1822
2074 2073
2075 2076
2076 2075
2077 1799
2078 2027
2079 1719
2079 2035
2079 2080
2079 2081
2080 1719
2080 2035
2080 2079
2080 2081
2081 1719
2081 2035
2081 2079
2081 2080
2082 2011
2083 2084
2083 2085
2084 1405
2084 2083
2084 2085
2085 2083
2085 2084
2086 2087
2087 2086
2088 318
2088 1907
2089 1681
2089 2090
2090 1681
2090 2089
2091 1664
2091 2092
2092 1664
2092 2091
2093 211
2094 1864
2094 2095
2094 2096
2095 1864
2095 2094
2095 2096
2096 1864
2096 2094
2096 2095
2097 2098
2097 2103
2097 2104
2097 2114
2098 2097
2099 2100
2100 2099
2101 2102
2102 2101
2103 2097
2103 2104
2104 2097
2104 2103
2105 2106
2105 2107
2105 2108
2106 2105
2106 2107
2106 2108
2107 2105
2107 2106
2107 2108
2108 2105
2108 2106
2108 2107
2109 644
2109 1990
2110 2111
2111 2110
2112 1742
2112 1907
2113 2063
2114 2097
2115 2116
2115 2117
2116 2115
2116 2117
2117 2115
2117 2116
2118 1944
2119 2120
2119 2121
2119 2122
2120 2119
2120 2121
2120 2122
2121 2119
2121 2120
2121 2122
2122 2119
2122 2120
2122 2121
2123 2124
2124 2123
2125 2126
2126 2125
2127 685
2128 81
2128 2129
2129 81
2129 2128
2130 2131
2131 2130
2132 1907
2133 2134
2133 2135
2134 2133
2134 2135
2135 2133
2135 2134
2136 1913
2136 1914
2137 2138
2138 2137
2139 226
2139 1991
2139 2254
2140 2141
2141 2140
2142 2066
2142 2067
2143 2144
2144 2143
2145 2146
2146 2145
2147 2067
2148 2149
2148 2150
2149 2148
2149 2150
2150 2148
2150 2149
2151 2152
2152 2151
2153 2154
2154 2153
2155 1153
2156 1050
2157 2158
2158 2157
2159 761
2160 2161
2161 2160
2162 2163
2163 2162
2164 1227
2165 788
2166 339
2167 236
2168 2169
2169 2168
2170 985
2171 2172
2172 2171
2173 405
2173 412
2173 2174
2174 405
2174 412
2174 2173
2175 2176
2176 2175
2177 2178
2178 2177
2179 43
2180 2181
2181 2180
2182 2
2183 171
2183 745
2183 2184
2183 2185
2184 171
2184 745
2184 2183
2184 2185
2185 171
2185 745
2185 2183
2185 2184
2186 2187
2187 2186
2188 2189
2189 2188
2190 2191
2191 2190
2192 2193
2193 2192
2193 2231
2194 2195
2194 2196
2195 2194
2195 2196
2196 2194
2196 2195
2197 1915
2198 2199
2199 2198
2200 2201
2200 2202
2201 2200
2201 2202
2202 2200
2202 2201
2203 2204
2203 2205
2204 1459
2204 1724
2204 2203
2204 2205
2205 1459
2205 1724
2205 2203
2205 2204
2206 1915
2207 2208
2208 2207
2209 2210
2209 2211
2210 2209
2210 2211
2211 2209
2211 2210
2211 2239
2211 2240
2212 898
2212 899
2213 2214
2213 2215
2214 2213
2214 2215
2215 2213
2215 2214
2216 2217
2217 2216
2218 2219
2218 2220
2219 2218
2219 2220
2219 2272
2219 2274
2219 2385
2220 2218
2220 2219
2221 1960
2221 2222
2222 1960
2222 2221
2223 1960
2224 1215
2225 1576
2226 2227
2227 2226
2228 2229
2228 2230
2229 2228
2229 2230
2230 2228
2230 2229
2231 2193
2232 1024
2232 2291
2232 2329
2233 2234
2234 2233
2235 2236
2236 2235
2237 2238
2238 2237
2239 2211
2239 2240
2240 2211
2240 2239
2241 1252
2241 1576
2241 2242
2242 1252
2242 1576
2242 2241
2243 2244
2244 2243
2244 2293
2245 1836
2246 2247
2247 2246
2248 2249
2249 2248
2250 2251
2251 2250
2252 2253
2253 2252
2254 739
2254 1991
2254 2139
2254 2313
2254 2337
2254 2338
2254 2339
2255 1834
2256 2257
2257 2256
2257 2321
2258 2259
2258 2260
2258 2261
2259 2258
2259 2260
2259 2261
2260 2258
2260 2259
2260 2261
2261 2258
2261 2259
2261 2260
2262 1593
2263 2264
2263 2265
2264 2263
2264 2265
2265 2263
2265 2264
2266 2267
2266 2268
2267 2266
2267 2268
2268 2266
2268 2267
2269 2270
2270 2269
2271 2272
2272 2219
2272 2271
2272 2273
2272 2385
2273 2272
2274 2219
2275 2276
2276 2275
2277 2278
2278 2277
2278 2283
2279 513
2279 2280
2279 2286
2280 513
2280 2279
2281 2282
2282 2281
2283 2278
2284 2285
2285 2284
2286 2279
2287 2288
2288 2287
2289 2290
2290 2289
2291 2232
2291 2292
2291 2329
2292 2291
2293 2244
2294 2295
2294 2296
2295 2294
2295 2296
2296 2294
2296 2295
2297 2298
2298 2297
2299 1622
2299 1818
2299 1909
2299 1983
2300 2301
2301 2300
2302 2303
2303 2302
2304 2305
2305 2304
2306 2307
2306 2308
2307 2306
2307 2308
2308 2306
2308 2307
2309 2310
2310 2309
2311 2312
2312 2311
2313 2254
2314 2315
2315 2314
2316 2317
2317 2316
2318 2319
2318 2320
2319 2318
2319 2320
2320 2318
2320 2319
2321 2257
2322 2323
2322 2324
2323 2322
2323 2324
2324 2322
2324 2323
2325 2326
2325 2332
2325 2333
2325 2347
2325 2348
2326 2325
2327 2328
2328 2327
2329 2232
2329 2291
2330 2331
2331 2330
2332 2325
2332 2333
2333 2325
2333 2332
2334 2335
2334 2336
2335 2334
2335 2336
2336 2334
2336 2335
2337 1991
2337 2254
2337 2338
2337 2339
2338 1991
2338 2254
2338 2337
2338 2339
2339 1991
2339 2254
2339 2337
2339 2338
2340 2341
2341 2340
2342 2343
2342 2344
2342 2345
2342 2346
2343 2342
2343 2344
2343 2345
2343 2346
2344 2342
2344 2343
2344 2345
2344 2346
2345 2342
2345 2343
2345 2344
2345 2346
2346 2342
2346 2343
2346 2344
2346 2345
2347 2325
2347 2348
2348 2325
2348 2347
2349 1768
2349 2350
2350 2349
2351 2352
2352 2351
2353 2354
2354 2353
2355 2356
2356 2355
2357 2358
2358 2357
2359 2360
2360 2359
2361 2362
2361 2363
2361 2370
2362 2361
2362 2363
2363 2361
2363 2362
2363 2370
2364 2365
2365 2364
2365 2369
2366 1405
2367 2368
2368 2367
2369 2365
2370 2361
2370 2363
2371 2372
2372 2371
2373 2374
2374 2373
2375 2376
2376 2375
2377 2378
2378 2377
2379 2380
2380 2379
2381 2382
2382 2381
2383 2384
2384 2383
2385 2219
2385 2272
2386 2387
2387 2386
2388 2389
2388 2390
2389 2388
2389 2390
2390 2388
2390 2389
