1 2
1 27
1 28
1 35
2 1
2 28
2 35
3 4
4 3
5 6
6 5
6 7
7 6
8 9
9 8
9 206
10 11
11 10
11 14
12 13
13 12
14 11
14 38
15 16
15 18
16 15
16 177
17 18
17 759
18 15
18 17
19 20
19 21
19 22
20 19
20 21
21 19
21 20
21 22
22 19
22 21
23 24
24 23
25 26
26 25
27 1
27 28
27 29
27 30
27 31
27 32
27 35
28 1
28 2
28 27
28 35
29 27
29 30
29 31
29 32
29 92
29 93
30 27
30 29
30 31
30 32
31 27
31 29
31 30
31 32
32 27
32 29
32 30
32 31
33 34
34 33
35 1
35 2
35 27
35 28
36 37
37 36
38 14
39 40
40 39
40 43
40 44
40 125
40 126
40 823
41 42
42 41
43 40
43 44
44 40
44 43
45 46
46 45
46 77
46 78
46 1352
46 1353
47 48
48 47
48 60
48 61
49 50
50 49
51 52
52 51
53 54
54 53
54 127
55 56
56 55
57 58
57 59
57 587
57 600
58 57
58 59
58 166
59 57
59 58
59 159
59 160
59 582
59 583
59 584
59 616
59 618
60 48
60 61
61 48
61 60
62 63
62 67
62 72
62 1334
63 62
64 65
64 66
65 64
65 66
66 64
66 65
67 62
67 1188
67 1189
68 69
68 569
69 68
69 569
70 71
71 70
72 62
72 1334
73 74
74 73
75 76
76 75
77 46
77 78
77 1352
77 1353
78 46
78 77
78 1352
78 1353
79 80
80 79
81 82
81 83
82 81
82 83
83 81
83 82
84 85
85 84
86 87
87 86
88 89
88 478
88 479
89 88
89 478
89 479
89 480
90 91
91 90
92 29
92 93
93 29
93 92
94 95
94 119
95 94
95 165
95 277
96 97
97 96
98 99
99 98
100 101
100 102
101 100
101 102
102 100
102 101
103 104
104 103
105 106
105 107
106 105
106 107
107 105
107 106
108 109
108 110
109 108
109 110
110 108
110 109
111 112
111 276
112 111
112 276
112 494
113 114
114 113
115 116
116 115
117 118
118 117
119 94
119 432
119 433
119 659
120 121
121 120
122 123
122 124
122 1422
123 122
123 124
124 122
124 123
125 40
125 126
126 40
126 125
127 54
128 129
128 130
129 128
129 130
129 415
130 128
130 129
130 137
130 141
130 415
130 416
130 836
130 837
130 851
130 1275
131 132
132 131
133 134
134 133
135 136
135 137
136 135
136 137
136 140
136 141
136 817
137 130
137 135
137 136
137 141
137 827
137 828
137 851
138 139
139 138
140 136
140 141
140 817
141 130
141 136
141 137
141 140
141 851
142 143
143 142
144 145
145 144
146 147
147 146
148 149
148 1274
149 148
150 151
151 150
152 153
153 152
154 155
155 154
156 157
156 158
157 156
157 158
158 156
158 157
159 59
159 160
160 59
160 159
160 176
161 162
161 163
162 161
162 163
163 161
163 162
164 165
165 95
165 164
166 58
166 629
167 168
167 169
168 167
168 169
168 194
169 167
169 168
170 171
171 170
172 173
173 172
173 824
174 175
175 174
175 188
175 189
175 190
176 160
177 16
177 178
177 179
178 177
178 179
179 177
179 178
180 181
181 180
182 183
183 182
184 185
185 184
185 528
186 187
186 188
187 186
187 188
188 175
188 186
188 187
188 189
188 190
189 175
189 188
189 190
190 175
190 188
190 189
191 192
191 566
192 191
193 194
194 168
194 193
195 196
196 195
197 198
198 197
199 200
200 199
200 594
201 202
202 201
202 239
203 204
204 203
204 485
205 206
205 207
206 9
206 205
206 207
207 205
207 206
208 209
209 208
209 481
210 211
211 210
212 213
212 214
213 212
213 214
214 212
214 213
215 216
216 215
217 218
218 217
219 220
219 221
219 243
219 267
219 623
220 219
220 221
221 219
221 220
221 222
221 623
222 221
222 668
223 224
224 223
225 226
226 225
227 228
227 497
227 1425
228 227
228 755
229 230
230 229
231 232
232 231
233 234
234 233
235 236
235 237
235 238
236 235
236 237
236 238
237 235
237 236
237 238
238 235
238 236
238 237
239 202
240 241
241 240
242 243
242 251
242 252
242 253
242 263
242 309
242 328
242 473
243 219
243 242
243 267
243 470
244 245
244 246
244 438
244 443
245 244
245 246
246 244
246 245
247 248
248 247
249 250
250 249
251 242
251 252
251 253
252 242
252 251
252 253
252 262
252 313
253 242
253 251
253 252
253 309
253 313
253 439
253 440
254 255
255 254
256 257
256 258
257 256
257 258
257 259
258 256
258 257
259 257
260 261
261 260
262 252
263 242
264 265
265 264
266 267
267 219
267 243
267 266
268 269
268 270
269 268
269 270
270 268
270 269
271 272
271 273
271 1187
272 271
272 273
272 615
273 271
273 272
273 615
274 275
275 274
276 111
276 112
277 95
278 279
279 278
280 281
281 280
282 283
282 314
282 315
283 282
284 285
284 1025
285 284
286 287
287 286
287 290
288 289
289 288
290 287
291 292
291 293
292 291
292 293
293 291
293 292
294 295
295 294
295 673
296 297
297 296
297 1109
297 1110
297 1111
298 299
298 305
298 306
298 325
299 298
300 301
300 302
301 300
301 302
302 300
302 301
303 304
303 871
304 303
304 871
305 298
305 306
306 298
306 305
307 308
308 307
309 242
309 253
310 311
310 312
311 310
311 312
311 658
312 310
312 311
313 252
313 253
314 282
314 315
315 282
315 314
315 434
316 317
316 667
317 316
318 319
319 318
320 321
320 322
320 967
320 968
321 320
321 322
322 320
322 321
323 324
323 451
324 323
325 298
326 327
327 326
328 242
329 330
330 329
331 332
332 331
333 334
334 333
335 336
336 335
336 519
337 338
338 337
339 340
339 341
340 339
340 341
341 339
341 340
341 346
342 343
343 342
344 345
345 344
346 341
347 348
348 347
349 350
350 349
351 352
351 353
352 351
352 353
353 351
353 352
354 355
354 356
354 357
354 358
354 378
355 354
355 356
355 357
355 358
356 354
356 355
356 357
356 358
356 362
357 354
357 355
357 356
357 358
358 354
358 355
358 356
358 357
359 360
359 361
360 359
360 361
361 359
361 360
362 356
363 364
364 363
364 365
364 499
364 500
364 501
364 507
364 508
365 364
366 367
367 366
368 369
368 397
369 368
370 371
371 370
372 373
373 372
373 756
373 757
374 375
375 374
375 620
376 377
377 376
378 354
379 380
380 379
381 382
382 381
383 384
384 383
384 492
385 386
386 385
387 388
387 389
387 390
388 387
388 389
388 390
389 387
389 388
389 390
390 387
390 388
390 389
390 730
390 731
391 392
392 391
393 394
394 393
395 396
395 398
396 395
397 368
398 395
399 400
400 399
401 402
401 403
402 401
402 403
402 1413
403 401
403 402
404 405
405 404
406 407
407 406
408 409
408 410
409 408
409 410
410 408
410 409
410 657
411 412
411 458
412 411
412 458
413 414
414 413
415 129
415 130
415 416
416 130
416 415
417 418
418 417
419 420
420 419
421 422
421 423
422 421
422 423
423 421
423 422
424 425
425 424
426 427
426 1165
427 426
428 429
428 430
428 431
429 428
429 430
429 431
430 428
430 429
430 431
431 428
431 429
431 430
432 119
432 433
432 659
433 119
433 432
434 315
435 436
436 435
437 438
438 244
438 437
438 443
439 253
439 440
440 253
440 439
441 442
442 441
443 244
443 438
444 445
445 444
446 447
447 446
448 449
448 450
449 448
449 450
450 448
450 449
451 323
452 453
453 452
454 455
455 454
456 457
457 456
458 411
458 412
459 460
460 459
460 1420
460 1421
461 462
462 461
463 464
463 465
464 463
464 465
465 463
465 464
466 467
467 466
468 469
469 468
470 243
471 472
472 471
473 242
474 475
475 474
476 477
476 493
477 476
477 493
478 88
478 89
478 479
478 480
479 88
479 89
479 478
479 480
480 89
480 478
480 479
481 209
481 482
482 481
483 484
484 483
485 204
486 487
486 674
487 486
487 674
488 489
489 488
490 491
491 490
492 384
493 476
493 477
494 112
495 496
496 495
497 227
498 499
498 500
498 501
499 364
499 498
499 500
499 501
499 507
499 508
500 364
500 498
500 499
500 501
500 507
500 508
501 364
501 498
501 499
501 500
501 507
501 508
502 503
503 502
503 504
504 503
505 506
506 505
507 364
507 499
507 500
507 501
507 508
508 364
508 499
508 500
508 501
508 507
509 510
509 511
510 509
510 511
511 509
511 510
512 513
513 512
514 515
514 516
515 514
515 516
516 514
516 515
517 518
518 517
519 336
520 521
521 520
522 523
522 524
522 525
523 522
523 524
523 525
524 522
524 523
524 525
524 599
525 522
525 523
525 524
526 527
527 526
528 185
529 530
530 529
531 532
532 531
532 538
533 534
533 535
534 533
534 535
535 533
535 534
536 537
537 536
537 617
538 532
539 540
540 539
541 542
542 541
543 544
544 543
545 546
546 545
547 548
548 547
549 550
550 549
551 552
551 553
552 551
552 553
553 551
553 552
554 555
555 554
556 557
557 556
558 559
559 558
560 561
561 560
562 563
562 564
563 562
563 564
564 562
564 563
565 566
566 191
566 565
567 568
568 567
569 68
569 69
570 571
571 570
572 573
573 572
574 575
575 574
576 577
577 576
578 579
579 578
580 581
581 580
582 59
582 583
582 584
583 59
583 582
583 584
583 618
584 59
584 582
584 583
585 586
586 585
587 57
587 600
588 589
588 590
588 591
589 588
589 590
589 591
590 588
590 589
590 591
590 1263
591 588
591 589
591 590
592 593
592 619
593 592
594 200
595 596
595 609
596 595
597 598
598 597
599 524
600 57
600 587
601 602
602 601
603 604
604 603
605 606
606 605
607 608
608 607
609 595
610 611
611 610
612 613
612 614
613 612
613 614
614 612
614 613
615 272
615 273
616 59
617 537
618 59
618 583
619 592
620 375
621 622
622 621
622 1422
623 219
623 221
624 625
624 626
625 624
625 626
626 624
626 625
627 628
628 627
629 166
630 631
631 630
632 633
633 632
634 635
635 634
636 637
637 636
638 639
639 638
640 641
641 640
642 643
643 642
644 645
644 646
644 647
645 644
645 646
645 647
646 644
646 645
646 647
647 644
647 645
647 646
648 649
648 650
649 648
649 650
650 648
650 649
650 662
651 652
652 651
653 654
654 653
655 656
655 816
656 655
657 410
658 311
659 119
659 432
660 661
661 660
662 650
663 664
664 663
664 679
664 680
665 666
665 667
666 665
666 667
667 316
667 665
667 666
668 222
669 670
670 669
671 672
672 671
673 295
674 486
674 487
675 676
675 762
676 675
677 678
678 677
679 664
679 680
680 664
680 679
681 682
682 681
683 684
684 683
685 686
686 685
687 688
687 693
688 687
689 690
690 689
690 700
690 701
691 692
692 691
692 709
692 737
693 687
694 695
695 694
696 697
696 698
696 699
697 696
698 696
698 699
699 696
699 698
699 1410
700 690
700 701
701 690
701 700
702 703
702 704
703 702
703 704
704 702
704 703
705 706
706 705
706 710
706 711
707 708
707 740
707 748
708 707
708 907
709 692
710 706
710 711
711 706
711 710
711 719
712 713
713 712
714 715
715 714
716 717
716 718
717 716
717 718
718 716
718 717
718 899
719 711
720 721
720 722
720 726
721 720
722 720
722 726
723 724
723 898
724 723
724 756
725 726
725 727
726 720
726 722
726 725
726 727
727 725
727 726
728 729
729 728
730 390
730 731
730 1408
730 1409
731 390
731 730
732 733
732 734
733 732
733 734
734 732
734 733
735 736
736 735
737 692
738 739
739 738
739 829
739 830
739 831
740 707
741 742
741 743
742 741
743 741
744 745
745 744
746 747
747 746
747 758
748 707
749 750
750 749
751 752
751 753
751 754
751 875
752 751
752 753
752 754
752 906
752 908
753 751
753 752
753 754
753 875
753 906
753 908
754 751
754 752
754 753
755 228
756 373
756 724
756 757
757 373
757 756
758 747
759 17
760 761
761 760
762 675
763 764
763 765
764 763
764 765
765 763
765 764
766 767
766 768
767 766
767 768
768 766
768 767
769 770
770 769
771 772
771 775
771 776
772 771
773 774
774 773
775 771
775 776
776 771
776 775
777 778
777 779
778 777
778 779
778 1442
779 777
779 778
780 781
780 782
780 783
780 784
780 785
781 780
781 782
781 783
781 784
781 785
782 780
782 781
782 783
782 784
782 785
783 780
783 781
783 782
783 784
783 785
783 793
783 794
783 795
784 780
784 781
784 782
784 783
784 785
784 796
784 895
785 780
785 781
785 782
785 783
785 784
786 787
787 786
788 789
788 790
789 788
789 790
789 1171
789 1172
789 1173
790 788
790 789
790 1451
791 792
792 791
793 783
793 794
793 795
794 783
794 793
794 795
795 783
795 793
795 794
796 784
797 798
798 797
798 801
799 800
800 799
801 798
802 803
803 802
804 805
805 804
806 807
807 806
807 1484
807 1485
807 1486
807 1595
808 809
808 810
808 811
809 808
810 808
810 811
811 808
811 810
812 813
813 812
814 815
815 814
816 655
817 136
817 140
818 819
818 820
819 818
819 820
820 818
820 819
821 822
822 821
823 40
824 173
825 826
826 825
826 1206
827 137
827 828
828 137
828 827
829 739
829 830
829 831
830 739
830 829
830 831
831 739
831 829
831 830
832 833
833 832
834 835
835 834
836 130
836 837
837 130
837 836
838 839
838 840
839 838
839 840
840 838
840 839
841 842
842 841
843 844
844 843
845 846
846 845
847 848
848 847
849 850
850 849
851 130
851 137
851 141
852 853
852 854
853 852
853 854
854 852
854 853
855 856
856 855
857 858
858 857
859 860
860 859
861 862
862 861
863 864
864 863
865 866
865 867
866 865
866 867
867 865
867 866
868 869
868 870
869 868
869 870
870 868
870 869
871 303
871 304
872 873
872 874
873 872
873 874
874 872
874 873
875 751
875 753
875 906
876 877
877 876
878 879
879 878
880 881
880 882
881 880
881 882
882 880
882 881
883 884
884 883
884 900
885 886
885 887
885 899
886 885
886 887
886 899
887 885
887 886
888 889
888 890
889 888
889 890
890 888
890 889
891 892
892 891
893 894
894 893
895 784
895 903
896 897
897 896
898 723
899 718
899 885
899 886
900 884
901 902
902 901
903 895
904 905
905 904
906 752
906 753
906 875
906 908
907 708
908 752
908 753
908 906
908 909
909 908
910 911
910 912
911 910
911 912
912 910
912 911
912 913
912 914
912 915
912 1091
913 912
913 914
914 912
914 913
915 912
916 917
917 916
918 919
919 918
920 921
920 922
920 923
921 920
921 922
921 923
922 920
922 921
922 923
923 920
923 921
923 922
924 925
924 926
924 927
925 924
925 926
925 927
926 924
926 925
926 927
926 942
927 924
927 925
927 926
928 929
928 930
929 928
929 930
929 1145
930 928
930 929
931 932
932 931
933 934
934 933
935 936
935 937
936 935
936 937
937 935
937 936
937 966
938 939
938 940
938 941
939 938
939 940
939 941
939 945
939 946
939 1100
940 938
940 939
940 941
941 938
941 939
941 940
942 926
943 944
944 943
945 939
945 946
945 1069
946 939
946 945
947 948
948 947
949 950
950 949
951 952
952 951
953 954
953 955
954 953
954 955
955 953
955 954
956 957
957 956
958 959
959 958
960 961
961 960
962 963
963 962
964 965
965 964
966 937
967 320
967 968
968 320
968 967
969 970
970 969
971 972
971 973
972 971
972 973
972 992
972 993
973 971
973 972
973 985
973 988
973 989
974 975
975 974
975 976
975 1008
975 1031
976 975
977 978
977 979
977 1243
977 1244
978 977
978 979
979 977
979 978
979 982
979 1030
980 981
980 994
981 980
981 1021
981 1022
982 979
983 984
984 983
985 973
986 987
987 986
988 973
988 989
989 973
989 988
989 1000
990 991
991 990
992 972
992 993
993 972
993 992
994 980
995 996
996 995
997 998
997 999
998 997
998 999
998 1007
999 997
999 998
1000 989
1001 1002
1002 1001
1003 1004
1003 1092
1004 1003
1005 1006
1006 1005
1007 998
1008 975
1009 1010
1009 1011
1010 1009
1010 1011
1011 1009
1011 1010
1011 1523
1011 1533
1012 1013
1013 1012
1014 1015
1015 1014
1016 1017
1017 1016
1018 1019
1018 1020
1019 1018
1019 1020
1020 1018
1020 1019
1021 981
1021 1022
1022 981
1022 1021
1023 1024
1024 1023
1025 284
1026 1027
1027 1026
1028 1029
1029 1028
1030 979
1031 975
1032 1033
1032 1034
1033 1032
1033 1034
1034 1032
1034 1033
1035 1036
1035 1037
1036 1035
1036 1037
1037 1035
1037 1036
1038 1039
1038 1040
1039 1038
1039 1040
1040 1038
1040 1039
1041 1042
1042 1041
1043 1044
1043 1084
1044 1043
1045 1046
1046 1045
1047 1048
1048 1047
1049 1050
1050 1049
1050 1086
1051 1052
1052 1051
1053 1054
1054 1053
1055 1056
1055 1057
1055 1058
1056 1055
1056 1057
1056 1058
1056 1114
1057 1055
1057 1056
1057 1058
1058 1055
1058 1056
1058 1057
1058 1114
1059 1060
1060 1059
1061 1062
1062 1061
1063 1064
1064 1063
1065 1066
1066 1065
1067 1068
1068 1067
1069 945
1070 1071
1071 1070
1071 1072
1072 1071
1073 1074
1073 1085
1074 1073
1075 1076
1076 1075
1077 1078
1078 1077
1079 1080
1079 1081
1080 1079
1080 1081
1081 1079
1081 1080
1082 1083
1083 1082
1084 1043
1085 1073
1086 1050
1087 1088
1088 1087
1089 1090
1090 1089
1091 912
1092 1003
1093 1094
1093 1095
1094 1093
1094 1095
1095 1093
1095 1094
1096 1097
1097 1096
1098 1099
1099 1098
1100 939
1101 1102
1101 1103
1102 1101
1102 1103
1103 1101
1103 1102
1104 1105
1104 1106
1105 1104
1105 1106
1106 1104
1106 1105
1107 1108
1108 1107
1109 297
1109 1110
1109 1111
1110 297
1110 1109
1110 1111
1111 297
1111 1109
1111 1110
1112 1113
1113 1112
1114 1056
1114 1058
1115 1116
1115 1118
1116 1115
1117 1118
1117 1119
1118 1115
1118 1117
1118 1119
1118 1510
1119 1117
1119 1118
1120 1121
1121 1120
1122 1123
1123 1122
1124 1125
1125 1124
1126 1127
1127 1126
1127 1461
1128 1129
1129 1128
1129 1574
1130 1131
1131 1130
1132 1133
1133 1132
1134 1135
1134 1136
1135 1134
1135 1136
1136 1134
1136 1135
1137 1138
1138 1137
1138 1489
1138 1490
1139 1140
1140 1139
1141 1142
1142 1141
1143 1144
1144 1143
1145 929
1146 1147
1146 1148
1147 1146
1147 1148
1148 1146
1148 1147
1149 1150
1150 1149
1151 1152
1152 1151
1152 1158
1153 1154
1153 1155
1154 1153
1154 1155
1155 1153
1155 1154
1156 1157
1157 1156
1157 1159
1158 1152
1159 1157
1160 1161
1161 1160
1162 1163
1162 1164
1163 1162
1163 1164
1164 1162
1164 1163
1165 426
1166 1167
1167 1166
1168 1169
1168 1170
1169 1168
1169 1170
1170 1168
1170 1169
1171 789
1171 1172
1171 1173
1172 789
1172 1171
1172 1173
1173 789
1173 1171
1173 1172
1174 1175
1174 1176
1174 1177
1174 1178
1174 1179
1174 1180
1174 1181
1174 1182
1175 1174
1176 1174
1176 1177
1176 1178
1176 1179
1176 1180
1176 1181
1176 1182
1177 1174
1177 1176
1177 1178
1177 1179
1177 1180
1177 1181
1177 1182
1177 1270
1177 1391
1178 1174
1178 1176
1178 1177
1178 1179
1178 1180
1178 1181
1178 1182
1178 1261
1178 1262
1179 1174
1179 1176
1179 1177
1179 1178
1179 1180
1179 1181
1179 1182
1180 1174
1180 1176
1180 1177
1180 1178
1180 1179
1180 1181
1180 1182
1181 1174
1181 1176
1181 1177
1181 1178
1181 1179
1181 1180
1181 1182
1182 1174
1182 1176
1182 1177
1182 1178
1182 1179
1182 1180
1182 1181
1182 1261
1182 1262
1182 1271
1183 1184
1184 1183
1185 1186
1186 1185
1187 271
1188 67
1188 1189
1189 67
1189 1188
1190 1191
1191 1190
1192 1193
1193 1192
1194 1195
1195 1194
1196 1197
1197 1196
1198 1199
1199 1198
1200 1201
1201 1200
1202 1203
1203 1202
1204 1205
1205 1204
1206 826
1207 1208
1208 1207
1209 1210
1210 1209
1211 1212
1212 1211
1213 1214
1214 1213
1215 1216
1216 1215
1216 1260
1217 1218
1217 1219
1217 1220
1217 1318
1218 1217
1218 1219
1218 1220
1219 1217
1219 1218
1219 1220
1219 1318
1220 1217
1220 1218
1220 1219
1220 1318
1221 1222
1222 1221
1223 1224
1224 1223
1225 1226
1225 1227
1226 1225
1226 1227
1227 1225
1227 1226
1228 1229
1229 1228
1230 1231
1230 1302
1231 1230
1232 1233
1233 1232
1234 1235
1235 1234
1236 1237
1236 1238
1237 1236
1237 1238
1238 1236
1238 1237
1239 1240
1240 1239
1241 1242
1241 1291
1242 1241
1243 977
1243 1244
1243 1303
1244 977
1244 1243
1245 1246
1245 1247
1245 1248
1245 1249
1245 1250
1245 1251
1245 1252
1245 1253
1245 1254
1245 1255
1245 1256
1245 1257
1246 1245
1246 1247
1246 1248
1246 1249
1246 1250
1246 1251
1246 1252
1246 1253
1246 1254
1246 1255
1246 1256
1246 1257
1247 1245
1247 1246
1247 1248
1247 1249
1247 1250
1247 1251
1247 1252
1247 1253
1247 1254
1247 1255
1247 1256
1247 1257
1248 1245
1248 1246
1248 1247
1248 1249
1248 1250
1248 1251
1248 1252
1248 1253
1248 1254
1248 1255
1248 1256
1248 1257
1249 1245
1249 1246
1249 1247
1249 1248
1249 1250
1249 1251
1249 1252
1249 1253
1249 1254
1249 1255
1249 1256
1249 1257
1249 1268
1250 1245
1250 1246
1250 1247
1250 1248
1250 1249
1250 1251
1250 1252
1250 1253
1250 1254
1250 1255
1250 1256
1250 1257
1250 1333
1251 1245
1251 1246
1251 1247
1251 1248
1251 1249
1251 1250
1251 1252
1251 1253
1251 1254
1251 1255
1251 1256
1251 1257
1252 1245
1252 1246
1252 1247
1252 1248
1252 1249
1252 1250
1252 1251
1252 1253
1252 1254
1252 1255
1252 1256
1252 1257
1253 1245
1253 1246
1253 1247
1253 1248
1253 1249
1253 1250
1253 1251
1253 1252
1253 1254
1253 1255
1253 1256
1253 1257
1254 1245
1254 1246
1254 1247
1254 1248
1254 1249
1254 1250
1254 1251
1254 1252
1254 1253
1254 1255
1254 1256
1254 1257
1255 1245
1255 1246
1255 1247
1255 1248
1255 1249
1255 1250
1255 1251
1255 1252
1255 1253
1255 1254
1255 1256
1255 1257
1256 1245
1256 1246
1256 1247
1256 1248
1256 1249
1256 1250
1256 1251
1256 1252
1256 1253
1256 1254
1256 1255
1256 1257
1256 1268
1257 1245
1257 1246
1257 1247
1257 1248
1257 1249
1257 1250
1257 1251
1257 1252
1257 1253
1257 1254
1257 1255
1257 1256
1257 1319
1258 1259
1259 1258
1260 1216
1261 1178
1261 1182
1261 1262
1262 1178
1262 1182
1262 1261
1263 590
1264 1265
1264 1393
1265 1264
1265 1393
1266 1267
1267 1266
1268 1249
1268 1256
1269 1270
1270 1177
1270 1269
1270 1391
1271 1182
1272 1273
1273 1272
1274 148
1275 130
1276 1277
1277 1276
1278 1279
1278 1280
1279 1278
1279 1280
1280 1278
1280 1279
1281 1282
1282 1281
1282 1394
1283 1284
1284 1283
1285 1286
1286 1285
1287 1288
1288 1287
1288 1364
1289 1290
1289 1329
1289 1330
1290 1289
1291 1241
1291 1292
1291 1293
1292 1291
1292 1293
1293 1291
1293 1292
1294 1295
1295 1294
1296 1297
1297 1296
1298 1299
1298 1388
1299 1298
1299 1388
1300 1301
1301 1300
1302 1230
1303 1243
1304 1305
1304 1306
1304 1307
1305 1304
1305 1306
1305 1307
1306 1304
1306 1305
1306 1307
1307 1304
1307 1305
1307 1306
1307 1382
1308 1309
1309 1308
1310 1311
1311 1310
1312 1313
1312 1314
1312 1315
1313 1312
1313 1314
1313 1315
1314 1312
1314 1313
1314 1315
1315 1312
1315 1313
1315 1314
1316 1317
1317 1316
1318 1217
1318 1219
1318 1220
1319 1257
1319 1320
1320 1319
1321 1322
1322 1321
1323 1324
1323 1325
1323 1326
1324 1323
1324 1325
1324 1326
1325 1323
1325 1324
1325 1326
1326 1323
1326 1324
1326 1325
1326 1351
1326 1367
1326 1368
1327 1328
1328 1327
1328 1356
1328 1357
1329 1289
1329 1330
1330 1289
1330 1329
1331 1332
1332 1331
1333 1250
1334 62
1334 72
1335 1336
1335 1337
1336 1335
1336 1337
1337 1335
1337 1336
1338 1339
1339 1338
1340 1341
1340 1342
1341 1340
1341 1342
1342 1340
1342 1341
1343 1344
1344 1343
1345 1346
1346 1345
1347 1348
1348 1347
1349 1350
1350 1349
1351 1326
1351 1367
1351 1368
1352 46
1352 77
1352 78
1352 1353
1353 46
1353 77
1353 78
1353 1352
1354 1355
1355 1354
1355 1387
1356 1328
1356 1357
1357 1328
1357 1356
1357 1392
1358 1359
1359 1358
1360 1361
1360 1362
1360 1363
1361 1360
1361 1362
1361 1363
1362 1360
1362 1361
1362 1363
1363 1360
1363 1361
1363 1362
1364 1288
1365 1366
1366 1365
1367 1326
1367 1351
1367 1368
1368 1326
1368 1351
1368 1367
1369 1370
1370 1369
1371 1372
1372 1371
1373 1374
1374 1373
1375 1376
1376 1375
1377 1378
1377 1379
1378 1377
1378 1379
1379 1377
1379 1378
1380 1381
1381 1380
1382 1307
1383 1384
1384 1383
1385 1386
1386 1385
1387 1355
1388 1298
1388 1299
1389 1390
1390 1389
1391 1177
1391 1270
1392 1357
1393 1264
1393 1265
1394 1282
1395 1396
1396 1395
1397 1398
1398 1397
1399 1400
1399 1401
1400 1399
1400 1401
1401 1399
1401 1400
1402 1403
1403 1402
1404 1405
1405 1404
1406 1407
1407 1406
1408 730
1408 1409
1409 730
1409 1408
1410 699
1411 1412
1412 1411
1413 402
1414 1415
1415 1414
1416 1417
1417 1416
1418 1419
1419 1418
1420 460
1420 1421
1421 460
1421 1420
1422 122
1422 622
1423 1424
1424 1423
1425 227
1426 1427
1427 1426
1428 1429
1429 1428
1430 1431
1431 1430
1432 1433
1433 1432
1434 1435
1435 1434
1436 1437
1437 1436
1437 1564
1438 1439
1439 1438
1440 1441
1441 1440
1442 778
1443 1444
1444 1443
1445 1446
1446 1445
1447 1448
1448 1447
1448 1507
1448 1508
1448 1509
1449 1450
1450 1449
1451 790
1452 1453
1453 1452
1454 1455
1454 1456
1454 1498
1455 1454
1455 1456
1455 1472
1456 1454
1456 1455
1457 1458
1458 1457
1459 1460
1460 1459
1461 1127
1461 1462
1462 1461
1463 1464
1464 1463
1465 1466
1466 1465
1467 1468
1467 1469
1468 1467
1468 1469
1469 1467
1469 1468
1470 1471
1471 1470
1472 1455
1473 1474
1474 1473
1475 1476
1476 1475
1477 1478
1478 1477
1479 1480
1479 1481
1480 1479
1480 1481
1481 1479
1481 1480
1482 1483
1483 1482
1484 807
1484 1485
1484 1486
1484 1593
1484 1594
1485 807
1485 1484
1485 1486
1486 807
1486 1484
1486 1485
1487 1488
1488 1487
1489 1138
1489 1490
1490 1138
1490 1489
1491 1492
1492 1491
1492 1493
1493 1492
1494 1495
1495 1494
1496 1497
1497 1496
1498 1454
1499 1500
1499 1501
1500 1499
1500 1501
1500 1555
1501 1499
1501 1500
1502 1503
1502 1504
1502 1505
1502 1506
1503 1502
1503 1504
1503 1505
1503 1506
1504 1502
1504 1503
1504 1505
1504 1506
1505 1502
1505 1503
1505 1504
1505 1506
1506 1502
1506 1503
1506 1504
1506 1505
1507 1448
1507 1508
1507 1509
1508 1448
1508 1507
1509 1448
1509 1507
1510 1118
1510 1511
1510 1512
1510 1515
1511 1510
1511 1512
1512 1510
1512 1511
1512 1551
1513 1514
1514 1513
1515 1510
1516 1517
1517 1516
1517 1562
1518 1519
1518 1520
1518 1521
1519 1518
1519 1520
1519 1521
1520 1518
1520 1519
1520 1521
1521 1518
1521 1519
1521 1520
1522 1523
1523 1011
1523 1522
1523 1533
1524 1525
1525 1524
1526 1527
1527 1526
1528 1529
1528 1530
1528 1531
1529 1528
1529 1530
1529 1531
1529 1532
1530 1528
1530 1529
1530 1531
1531 1528
1531 1529
1531 1530
1532 1529
1533 1011
1533 1523
1534 1535
1535 1534
1536 1537
1537 1536
1538 1539
1539 1538
1540 1541
1540 1542
1541 1540
1541 1542
1542 1540
1542 1541
1543 1544
1544 1543
1544 1547
1545 1546
1546 1545
1547 1544
1548 1549
1548 1550
1548 1551
1548 1552
1549 1548
1550 1548
1550 1551
1551 1512
1551 1548
1551 1550
1552 1548
1553 1554
1554 1553
1555 1500
1556 1557
1557 1556
1558 1559
1559 1558
1560 1561
1561 1560
1562 1517
1563 1564
1564 1437
1564 1563
1565 1566
1566 1565
1567 1568
1568 1567
1569 1570
1569 1571
1570 1569
1570 1571
1571 1569
1571 1570
1572 1573
1573 1572
1573 1580
1573 1587
1574 1129
1575 1576
1576 1575
1577 1578
1577 1579
1578 1577
1579 1577
1580 1573
1580 1581
1580 1587
1581 1580
1582 1583
1583 1582
1584 1585
1584 1586
1585 1584
1585 1586
1586 1584
1586 1585
1587 1573
1587 1580
1588 1589
1588 1590
1589 1588
1589 1590
1589 1596
1590 1588
1590 1589
1591 1592
1592 1591
1592 1599
1593 1484
1593 1594
1594 1484
1594 1593
1595 807
1596 1589
1597 1598
1598 1597
1598 1600
1599 1592
1600 1598
1601 1602
1602 1601
