1 2
2 1
3 4
4 3
4 19
4 29
4 30
4 446
5 6
6 5
7 8
8 7
9 10
9 11
10 9
10 11
10 18
11 9
11 10
11 18
12 13
13 12
14 15
15 14
16 17
17 16
18 10
18 11
19 4
20 21
21 20
22 23
22 24
22 654
23 22
23 24
23 1614
24 22
24 23
25 26
26 25
26 33
27 28
28 27
29 4
29 30
30 4
30 29
30 96
30 97
31 32
32 31
32 623
32 629
33 26
34 35
34 36
35 34
35 36
36 34
36 35
37 38
37 39
38 37
38 39
39 37
39 38
39 670
39 671
39 712
40 41
41 40
42 43
42 44
43 42
43 44
44 42
44 43
45 46
46 45
47 48
48 47
49 50
50 49
51 52
51 53
51 54
52 51
52 53
52 54
53 51
53 52
53 54
54 51
54 52
54 53
55 56
55 57
56 55
56 57
57 55
57 56
58 59
58 60
58 61
58 1376
59 58
59 60
59 61
59 1376
60 58
60 59
60 61
61 58
61 59
61 60
61 71
61 72
61 1376
61 1403
62 63
62 139
62 140
63 62
64 65
64 66
65 64
65 66
66 64
66 65
67 68
67 1335
67 1376
67 1386
68 67
69 70
70 69
70 171
71 61
71 72
72 61
72 71
73 74
74 73
75 76
76 75
77 78
77 494
78 77
79 80
79 81
80 79
80 81
81 79
81 80
82 83
83 82
84 85
84 348
84 349
84 366
85 84
86 87
86 1147
86 1624
87 86
88 89
89 88
90 91
91 90
92 93
93 92
94 95
95 94
96 30
96 97
97 30
97 96
98 99
98 100
99 98
99 100
100 98
100 99
101 102
101 737
102 101
102 737
103 104
104 103
105 106
105 107
105 108
106 105
106 107
106 108
107 105
107 106
107 108
108 105
108 106
108 107
109 110
109 717
109 883
110 109
110 883
111 112
111 113
111 240
112 111
112 113
113 111
113 112
114 115
115 114
116 117
117 116
118 119
119 118
119 311
120 121
121 120
121 298
122 123
123 122
123 306
124 125
125 124
125 612
125 745
126 127
127 126
128 129
129 128
130 131
131 130
132 133
132 134
132 135
132 136
133 132
133 134
133 135
133 136
134 132
134 133
134 135
134 136
135 132
135 133
135 134
135 136
135 1230
136 132
136 133
136 134
136 135
137 138
138 137
138 473
138 474
139 62
139 140
140 62
140 139
141 142
141 143
142 141
142 143
143 141
143 142
144 145
145 144
146 147
146 148
147 146
147 148
148 146
148 147
149 150
150 149
150 194
150 195
150 425
150 426
151 152
152 151
153 154
153 155
153 156
153 564
154 153
154 155
154 156
155 153
155 154
155 156
156 153
156 154
156 155
157 158
158 157
159 160
160 159
161 162
162 161
163 164
164 163
165 166
166 165
166 176
166 177
166 178
167 168
167 462
168 167
168 215
168 216
168 253
168 327
169 170
169 461
170 169
170 461
171 70
172 173
173 172
174 175
175 174
175 784
176 166
177 166
177 178
177 198
177 199
177 211
178 166
178 177
179 180
179 181
180 179
180 181
181 179
181 180
182 183
183 182
184 185
185 184
185 209
185 210
186 187
187 186
187 503
187 504
188 189
189 188
189 556
189 868
189 869
190 191
190 278
191 190
192 193
193 192
194 150
194 195
195 150
195 194
195 1601
195 1609
196 197
197 196
198 177
198 199
199 177
199 198
200 201
201 200
202 203
202 487
203 202
203 530
203 548
204 205
204 206
204 488
205 204
205 206
206 204
206 205
206 488
207 208
208 207
209 185
209 210
210 185
210 209
211 177
212 213
212 214
213 212
213 214
213 551
213 552
213 560
213 561
214 212
214 213
215 168
215 216
216 168
216 215
217 218
217 219
217 376
217 377
217 489
218 217
218 219
219 217
219 218
219 624
219 625
220 221
220 222
221 220
221 222
222 220
222 221
223 224
223 225
224 223
224 225
225 223
225 224
226 227
226 601
227 226
227 245
227 278
227 1029
227 1093
227 1237
227 1238
227 1298
227 1337
228 229
229 228
230 231
230 232
230 324
231 230
231 232
232 230
232 231
232 324
233 234
234 233
235 236
235 237
235 899
236 235
236 237
237 235
237 236
238 239
239 238
240 111
240 341
241 242
241 317
241 319
241 320
242 241
243 244
244 243
245 227
246 247
247 246
248 249
248 759
248 781
248 1307
248 1315
248 1316
249 248
250 251
251 250
252 253
253 168
253 252
253 312
253 315
253 316
253 317
253 318
253 327
254 255
255 254
255 355
256 257
257 256
258 259
259 258
260 261
260 262
261 260
261 262
262 260
262 261
263 264
264 263
265 266
265 413
266 265
266 304
266 1223
267 268
267 269
267 270
267 1324
268 267
268 269
268 270
269 267
269 268
269 270
270 267
270 268
270 269
271 272
271 273
272 271
272 273
273 271
273 272
274 275
275 274
276 277
276 936
276 1491
277 276
278 190
278 227
278 1238
278 1337
278 1605
278 1606
279 280
279 281
280 279
280 281
280 287
280 288
281 279
281 280
282 283
282 284
283 282
283 284
284 282
284 283
284 305
285 286
286 285
287 280
287 288
288 280
288 287
289 290
290 289
291 292
292 291
293 294
294 293
295 296
295 297
296 295
296 297
297 295
297 296
298 121
299 300
300 299
301 302
301 303
302 301
302 303
303 301
303 302
304 266
305 284
306 123
307 308
308 307
308 546
308 547
309 310
310 309
311 119
312 253
313 314
314 313
315 253
315 316
315 317
315 318
315 321
316 253
316 315
316 317
316 318
316 321
317 241
317 253
317 315
317 316
317 318
317 319
317 320
317 321
318 253
318 315
318 316
318 317
319 241
319 317
319 320
320 241
320 317
320 319
321 315
321 316
321 317
322 323
323 322
324 230
324 232
325 326
326 325
327 168
327 253
328 329
328 330
329 328
329 330
330 328
330 329
331 332
331 1057
332 331
332 333
333 332
334 335
335 334
336 337
336 338
337 336
337 338
338 336
338 337
339 340
340 339
340 1404
341 240
342 343
343 342
344 345
345 344
346 347
347 346
348 84
348 349
349 84
349 348
349 352
350 351
351 350
352 349
353 354
354 353
355 255
356 357
357 356
358 359
359 358
360 361
361 360
362 363
363 362
364 365
365 364
366 84
367 368
368 367
369 370
370 369
371 372
371 373
372 371
372 373
372 380
373 371
373 372
374 375
375 374
375 385
376 217
376 377
377 217
377 376
378 379
379 378
380 372
381 382
382 381
383 384
384 383
385 375
386 387
386 388
387 386
387 388
388 386
388 387
389 390
390 389
391 392
391 393
392 391
392 393
392 713
392 714
393 391
393 392
394 395
395 394
396 397
397 396
398 399
399 398
400 401
401 400
402 403
403 402
404 405
404 406
405 404
405 406
406 404
406 405
407 408
408 407
409 410
410 409
411 412
412 411
413 265
413 667
414 415
415 414
416 417
417 416
418 419
419 418
419 954
420 421
421 420
422 423
422 424
423 422
423 424
424 422
424 423
425 150
425 426
426 150
426 425
427 428
428 427
429 430
430 429
431 432
432 431
433 434
434 433
435 436
436 435
437 438
437 439
438 437
438 439
439 437
439 438
439 1358
439 1359
440 441
441 440
442 443
443 442
443 1180
443 1181
444 445
445 444
445 858
446 4
447 448
448 447
449 450
450 449
451 452
451 465
452 451
452 465
453 454
453 455
454 453
454 455
455 453
455 454
456 457
457 456
458 459
458 460
458 1500
459 458
459 460
460 458
460 459
461 169
461 170
461 857
462 167
463 464
464 463
465 451
465 452
466 467
466 468
467 466
467 468
468 466
468 467
469 470
470 469
471 472
472 471
473 138
473 474
474 138
474 473
475 476
476 475
477 478
478 477
479 480
479 481
479 482
480 479
480 481
480 482
481 479
481 480
481 482
482 479
482 480
482 481
483 484
484 483
485 486
486 485
487 202
487 530
488 204
488 206
489 217
490 491
491 490
492 493
493 492
494 77
495 496
495 497
495 498
496 495
496 497
496 498
497 495
497 496
497 498
498 495
498 496
498 497
498 688
498 689
499 500
500 499
501 502
501 585
502 501
502 555
503 187
504 187
505 506
506 505
507 508
507 509
508 507
508 509
508 514
509 507
509 508
510 511
511 510
512 513
513 512
514 508
515 516
515 517
516 515
516 517
517 515
517 516
518 519
518 520
519 518
519 520
520 518
520 519
521 522
521 523
522 521
522 523
523 521
523 522
524 525
524 526
524 527
525 524
525 526
525 527
526 524
526 525
526 527
527 524
527 525
527 526
528 529
529 528
530 203
530 487
530 548
531 532
532 531
533 534
534 533
535 536
536 535
537 538
538 537
539 540
539 541
539 542
540 539
540 541
540 542
541 539
541 540
541 542
542 539
542 540
542 541
543 544
543 545
543 856
544 543
544 545
545 543
545 544
545 856
546 308
546 547
547 308
547 546
548 203
548 530
549 550
549 1674
549 1675
549 1677
549 1706
550 549
551 213
551 552
551 846
552 213
552 551
552 846
553 554
554 553
555 502
556 189
557 558
557 559
558 557
558 559
559 557
559 558
559 659
559 660
559 661
560 213
560 561
561 213
561 560
561 562
561 563
562 561
562 563
563 561
563 562
564 153
565 566
566 565
567 568
568 567
569 570
569 571
570 569
570 571
570 572
571 569
571 570
571 572
571 868
572 570
572 571
572 579
572 580
573 574
574 573
575 576
576 575
577 578
577 935
578 577
578 676
578 1344
578 1743
578 1744
579 572
579 580
580 572
580 579
581 582
582 581
583 584
583 876
584 583
585 501
586 587
587 586
588 589
589 588
590 591
591 590
592 593
593 592
594 595
595 594
596 597
596 598
596 655
596 656
596 657
596 658
597 596
597 598
598 596
598 597
598 655
598 656
598 657
598 658
599 600
600 599
601 226
602 603
602 666
603 602
604 605
604 626
605 604
605 626
606 607
607 606
608 609
609 608
610 611
611 610
611 648
611 743
611 744
612 125
613 614
614 613
615 616
616 615
616 645
617 618
617 619
618 617
618 619
619 617
619 618
619 666
619 783
619 1222
620 621
620 622
621 620
621 622
622 620
622 621
623 32
624 219
624 625
625 219
625 624
626 604
626 605
627 628
628 627
629 32
630 631
631 630
632 633
632 634
633 632
633 634
634 632
634 633
635 636
636 635
637 638
637 642
638 637
638 642
639 640
639 641
640 639
640 641
640 1258
640 1259
641 639
641 640
641 1726
642 637
642 638
643 644
644 643
644 652
644 653
645 616
646 647
647 646
648 611
649 650
649 651
650 649
650 651
651 649
651 650
652 644
653 644
654 22
655 596
655 598
655 656
655 657
655 658
656 596
656 598
656 655
656 657
656 658
657 596
657 598
657 655
657 656
657 658
658 596
658 598
658 655
658 656
658 657
659 559
659 660
659 661
660 559
660 659
660 661
661 559
661 659
661 660
662 663
662 664
662 665
663 662
663 664
663 665
664 662
664 663
664 665
665 662
665 663
665 664
666 602
666 619
666 765
666 1222
667 413
668 669
669 668
670 39
670 671
671 39
671 670
672 673
673 672
674 675
674 694
675 674
675 694
675 701
676 578
676 677
677 676
677 685
678 679
679 678
680 681
680 682
681 680
681 682
681 706
682 680
682 681
683 684
684 683
684 700
685 677
686 687
686 688
687 686
687 688
688 498
688 686
688 687
688 689
689 498
689 688
690 691
691 690
691 698
691 699
692 693
692 716
692 735
693 692
694 674
694 675
695 696
695 697
696 695
696 697
696 708
697 695
697 696
697 708
698 691
698 699
699 691
699 698
700 684
701 675
701 707
702 703
703 702
704 705
705 704
706 681
707 701
708 696
708 697
708 709
708 710
708 711
708 886
709 708
709 710
709 711
710 708
710 709
710 711
710 1173
711 708
711 709
711 710
712 39
713 392
713 714
713 1584
713 1585
714 392
714 713
715 716
716 692
716 715
716 735
717 109
718 719
719 718
720 721
720 722
720 723
720 730
721 720
721 722
721 723
722 720
722 721
722 723
722 730
723 720
723 721
723 722
723 730
724 725
724 726
725 724
725 726
726 724
726 725
727 728
727 729
728 727
728 729
729 727
729 728
730 720
730 722
730 723
731 732
732 731
733 734
734 733
735 692
735 716
736 737
736 738
737 101
737 102
737 736
737 738
738 736
738 737
739 740
740 739
741 742
742 741
743 611
743 744
744 611
744 743
745 125
746 747
746 748
747 746
747 748
748 746
748 747
749 750
750 749
751 752
752 751
753 754
753 755
753 756
754 753
754 755
754 756
754 774
754 775
755 753
755 754
755 756
755 770
755 771
755 988
756 753
756 754
756 755
756 770
756 771
756 1207
756 1213
757 758
757 759
757 981
757 1040
758 757
758 759
758 980
758 981
758 1040
758 1170
758 1171
759 248
759 757
759 758
759 774
759 775
759 781
760 761
760 762
761 760
761 762
761 961
761 1164
762 760
762 761
763 764
763 1596
764 763
765 666
766 767
767 766
768 769
769 768
769 1114
770 755
770 756
770 771
771 755
771 756
771 770
772 773
773 772
774 754
774 759
774 775
774 776
775 754
775 759
775 774
775 776
776 774
776 775
776 777
776 778
776 911
776 916
776 917
777 776
777 778
777 911
777 916
777 917
778 776
778 777
778 915
779 780
780 779
781 248
781 759
782 783
783 619
783 782
784 175
785 786
786 785
787 788
787 791
788 787
789 790
789 795
790 789
791 787
791 851
791 852
792 793
792 794
793 792
793 794
794 792
794 793
795 789
796 797
797 796
798 799
798 800
799 798
799 800
800 798
800 799
801 802
802 801
803 804
804 803
805 806
805 1637
805 1638
806 805
806 1067
807 808
808 807
808 833
808 834
808 840
809 810
809 811
810 809
810 811
810 832
811 809
811 810
812 813
812 814
813 812
813 814
814 812
814 813
815 816
816 815
817 818
818 817
819 820
819 821
819 1768
820 819
820 821
821 819
821 820
822 823
823 822
824 825
825 824
825 1652
825 1653
825 1654
826 827
826 828
827 826
827 828
827 829
827 830
827 831
828 826
828 827
829 827
829 830
829 831
829 835
829 836
830 827
830 829
830 831
831 827
831 829
831 830
831 837
832 810
833 808
833 834
833 1586
834 808
834 833
835 829
836 829
837 831
838 839
839 838
839 1310
839 1311
840 808
841 842
842 841
842 1741
843 844
843 845
844 843
844 845
845 843
845 844
846 551
846 552
847 848
847 1005
847 1006
848 847
848 855
849 850
850 849
851 791
851 852
852 791
852 851
853 854
854 853
855 848
856 543
856 545
857 461
858 445
859 860
860 859
861 862
862 861
863 864
864 863
864 1060
864 1073
865 866
865 867
866 865
866 867
867 865
867 866
868 189
868 571
868 869
869 189
869 868
870 871
871 870
872 873
873 872
874 875
875 874
876 583
877 878
878 877
879 880
880 879
881 882
882 881
883 109
883 110
884 885
884 922
885 884
885 922
886 708
887 888
888 887
889 890
889 891
889 892
890 889
890 891
890 892
891 889
891 890
891 892
892 889
892 890
892 891
893 894
894 893
895 896
896 895
897 898
898 897
899 235
900 901
901 900
901 902
902 901
903 904
903 905
903 906
903 1478
904 903
904 905
904 906
905 903
905 904
905 906
905 1389
906 903
906 904
906 905
906 1478
907 908
907 909
908 907
908 909
908 914
909 907
909 908
909 910
910 909
910 1489
910 1490
911 776
911 777
911 1072
912 913
913 912
914 908
915 778
916 776
916 777
916 917
917 776
917 777
917 916
918 919
919 918
920 921
921 920
922 884
922 885
923 924
924 923
925 926
926 925
927 928
928 927
929 930
930 929
931 932
932 931
933 934
934 933
935 577
936 276
937 938
937 939
937 940
938 937
938 939
938 940
939 937
939 938
939 940
940 937
940 938
940 939
941 942
941 991
941 992
942 941
943 944
944 943
945 946
945 947
946 945
946 947
947 945
947 946
948 949
948 1219
949 948
950 951
951 950
952 953
952 1001
952 1002
953 952
954 419
955 956
955 957
955 1040
955 1047
955 1150
956 955
956 957
956 1216
957 955
957 956
957 1062
958 959
958 960
959 958
959 960
960 958
960 959
961 761
961 1164
962 963
962 964
963 962
963 964
963 977
964 962
964 963
964 977
965 966
966 965
967 968
968 967
968 1129
969 970
970 969
971 972
972 971
973 974
974 973
974 1064
975 976
976 975
977 963
977 964
978 979
978 1056
979 978
980 758
980 981
981 757
981 758
981 980
981 1040
982 983
982 984
983 982
983 984
984 982
984 983
985 986
985 987
986 985
986 987
987 985
987 986
988 755
989 990
990 989
991 941
991 992
992 941
992 991
993 994
994 993
995 996
996 995
997 998
998 997
999 1000
999 1484
1000 999
1001 952
1001 1002
1001 1208
1001 1215
1002 952
1002 1001
1003 1004
1003 1043
1004 1003
1004 1043
1005 847
1005 1006
1006 847
1006 1005
1006 1101
1007 1008
1007 1009
1008 1007
1008 1009
1009 1007
1009 1008
1010 1011
1010 1012
1011 1010
1011 1012
1012 1010
1012 1011
1013 1014
1013 1061
1014 1013
1014 1061
1015 1016
1016 1015
1017 1018
1017 1019
1018 1017
1018 1019
1019 1017
1019 1018
1020 1021
1020 1041
1021 1020
1021 1037
1021 1041
1021 1042
1022 1023
1023 1022
1024 1025
1025 1024
1026 1027
1027 1026
1028 1029
1028 1093
1029 227
1029 1028
1029 1063
1029 1093
1029 1238
1030 1031
1031 1030
1032 1033
1033 1032
1034 1035
1035 1034
1036 1037
1037 1021
1037 1036
1037 1041
1037 1042
1037 1102
1038 1039
1039 1038
1040 757
1040 758
1040 955
1040 981
1040 1099
1040 1100
1040 1150
1041 1020
1041 1021
1041 1037
1041 1042
1041 1046
1042 1021
1042 1037
1042 1041
1043 1003
1043 1004
1044 1045
1045 1044
1046 1041
1047 955
1048 1049
1049 1048
1050 1051
1050 1084
1050 1085
1050 1086
1050 1098
1051 1050
1052 1053
1053 1052
1054 1055
1055 1054
1056 978
1057 331
1058 1059
1059 1058
1060 864
1061 1013
1061 1014
1062 957
1062 1106
1062 1107
1063 1029
1064 974
1065 1066
1066 1065
1066 1071
1067 806
1068 1069
1068 1070
1069 1068
1069 1070
1070 1068
1070 1069
1071 1066
1072 911
1073 864
1074 1075
1074 1076
1075 1074
1075 1076
1076 1074
1076 1075
1077 1078
1077 1079
1078 1077
1078 1079
1078 1699
1079 1077
1079 1078
1080 1081
1081 1080
1082 1083
1083 1082
1084 1050
1084 1085
1084 1086
1085 1050
1085 1084
1085 1086
1086 1050
1086 1084
1086 1085
1087 1088
1088 1087
1089 1090
1090 1089
1091 1092
1092 1091
1093 227
1093 1028
1093 1029
1093 1238
1094 1095
1095 1094
1096 1097
1097 1096
1098 1050
1099 1040
1099 1100
1100 1040
1100 1099
1100 1161
1100 1162
1100 1163
1101 1006
1102 1037
1103 1104
1103 1105
1104 1103
1104 1105
1105 1103
1105 1104
1106 1062
1106 1107
1107 1062
1107 1106
1108 1109
1109 1108
1110 1111
1110 1158
1110 1172
1111 1110
1112 1113
1112 1376
1113 1112
1114 769
1115 1116
1115 1117
1116 1115
1116 1117
1117 1115
1117 1116
1118 1119
1119 1118
1120 1121
1121 1120
1122 1123
1123 1122
1123 1136
1124 1125
1124 1126
1125 1124
1125 1126
1126 1124
1126 1125
1127 1128
1128 1127
1129 968
1130 1131
1131 1130
1132 1133
1133 1132
1134 1135
1135 1134
1136 1123
1137 1138
1138 1137
1139 1140
1140 1139
1140 1141
1141 1140
1142 1143
1142 1144
1143 1142
1143 1144
1144 1142
1144 1143
1145 1146
1146 1145
1147 86
1148 1149
1149 1148
1150 955
1150 1040
1151 1152
1152 1151
1153 1154
1154 1153
1155 1156
1155 1157
1156 1155
1156 1157
1157 1155
1157 1156
1158 1110
1158 1172
1158 1212
1159 1160
1160 1159
1161 1100
1161 1162
1161 1163
1162 1100
1162 1161
1162 1163
1162 1165
1163 1100
1163 1161
1163 1162
1164 761
1164 961
1165 1162
1166 1167
1167 1166
1168 1169
1169 1168
1170 758
1170 1171
1171 758
1171 1170
1172 1110
1172 1158
1173 710
1174 1175
1174 1176
1174 1177
1175 1174
1175 1176
1176 1174
1176 1175
1176 1177
1176 1662
1176 1669
1177 1174
1177 1176
1177 1641
1178 1179
1179 1178
1180 443
1180 1181
1180 1623
1181 443
1181 1180
1181 1623
1182 1183
1183 1182
1184 1185
1185 1184
1186 1187
1187 1186
1188 1189
1188 1715
1188 1716
1188 1717
1188 1737
1189 1188
1189 1737
1190 1191
1190 1198
1190 1199
1190 1730
1190 1731
1191 1190
1191 1198
1192 1193
1193 1192
1194 1195
1195 1194
1196 1197
1197 1196
1198 1190
1198 1191
1199 1190
1200 1201
1200 1204
1201 1200
1202 1203
1203 1202
1204 1200
1205 1206
1206 1205
1207 756
1208 1001
1208 1211
1209 1210
1209 1214
1210 1209
1211 1208
1212 1158
1213 756
1214 1209
1215 1001
1216 956
1217 1218
1218 1217
1219 948
1220 1221
1221 1220
1222 619
1222 666
1223 266
1224 1225
1225 1224
1226 1227
1227 1226
1227 1283
1227 1284
1227 1285
1227 1286
1227 1287
1227 1288
1227 1289
1227 1290
1227 1291
1227 1292
1227 1293
1228 1229
1229 1228
1230 135
1231 1232
1231 1233
1232 1231
1232 1233
1233 1231
1233 1232
1234 1235
1234 1236
1235 1234
1235 1236
1236 1234
1236 1235
1237 227
1237 1238
1238 227
1238 278
1238 1029
1238 1093
1238 1237
1238 1298
1238 1337
1239 1240
1239 1510
1240 1239
1241 1242
1241 1243
1241 1499
1242 1241
1242 1243
1242 1499
1243 1241
1243 1242
1243 1475
1244 1245
1244 1246
1244 1247
1245 1244
1245 1246
1245 1247
1246 1244
1246 1245
1246 1247
1247 1244
1247 1245
1247 1246
1248 1249
1248 1551
1249 1248
1249 1551
1250 1251
1251 1250
1252 1253
1253 1252
1254 1255
1255 1254
1256 1257
1257 1256
1257 1481
1258 640
1258 1259
1259 640
1259 1258
1260 1261
1261 1260
1262 1263
1262 1264
1263 1262
1263 1264
1264 1262
1264 1263
1265 1266
1266 1265
1267 1268
1268 1267
1269 1270
1270 1269
1270 1573
1271 1272
1271 1342
1271 1343
1272 1271
1272 1307
1273 1274
1274 1273
1274 1519
1275 1276
1276 1275
1277 1278
1278 1277
1279 1280
1280 1279
1281 1282
1282 1281
1282 1405
1283 1227
1283 1284
1283 1285
1283 1286
1283 1287
1283 1288
1283 1289
1283 1290
1283 1291
1283 1292
1283 1293
1283 1425
1284 1227
1284 1283
1284 1285
1284 1286
1284 1287
1284 1288
1284 1289
1284 1290
1284 1291
1284 1292
1284 1293
1284 1371
1284 1372
1285 1227
1285 1283
1285 1284
1285 1286
1285 1287
1285 1288
1285 1289
1285 1290
1285 1291
1285 1292
1285 1293
1285 1431
1285 1454
1286 1227
1286 1283
1286 1284
1286 1285
1286 1287
1286 1288
1286 1289
1286 1290
1286 1291
1286 1292
1286 1293
1287 1227
1287 1283
1287 1284
1287 1285
1287 1286
1287 1288
1287 1289
1287 1290
1287 1291
1287 1292
1287 1293
1288 1227
1288 1283
1288 1284
1288 1285
1288 1286
1288 1287
1288 1289
1288 1290
1288 1291
1288 1292
1288 1293
1288 1431
1288 1454
1289 1227
1289 1283
1289 1284
1289 1285
1289 1286
1289 1287
1289 1288
1289 1290
1289 1291
1289 1292
1289 1293
1289 1371
1289 1372
1290 1227
1290 1283
1290 1284
1290 1285
1290 1286
1290 1287
1290 1288
1290 1289
1290 1291
1290 1292
1290 1293
1291 1227
1291 1283
1291 1284
1291 1285
1291 1286
1291 1287
1291 1288
1291 1289
1291 1290
1291 1292
1291 1293
1292 1227
1292 1283
1292 1284
1292 1285
1292 1286
1292 1287
1292 1288
1292 1289
1292 1290
1292 1291
1292 1293
1292 1362
1293 1227
1293 1283
1293 1284
1293 1285
1293 1286
1293 1287
1293 1288
1293 1289
1293 1290
1293 1291
1293 1292
1294 1295
1295 1294
1295 1471
1296 1297
1296 1336
1297 1296
1298 227
1298 1238
1299 1300
1300 1299
1301 1302
1302 1301
1303 1304
1304 1303
1305 1306
1306 1305
1307 248
1307 1272
1307 1315
1307 1316
1308 1309
1309 1308
1309 1544
1309 1545
1309 1546
1310 839
1310 1311
1311 839
1311 1310
1311 1349
1312 1313
1312 1314
1313 1312
1313 1314
1314 1312
1314 1313
1315 248
1315 1307
1315 1316
1316 248
1316 1307
1316 1315
1317 1318
1318 1317
1319 1320
1319 1321
1320 1319
1320 1321
1321 1319
1321 1320
1322 1323
1323 1322
1324 267
1324 1531
1325 1326
1326 1325
1327 1328
1327 1329
1328 1327
1328 1329
1329 1327
1329 1328
1329 1574
1329 1575
1330 1331
1331 1330
1332 1333
1332 1576
1333 1332
1333 1402
1333 1576
1334 1335
1335 67
1335 1334
1335 1376
1335 1386
1336 1296
1337 227
1337 278
1337 1238
1338 1339
1339 1338
1340 1341
1340 1589
1341 1340
1342 1271
1342 1343
1343 1271
1343 1342
1344 578
1345 1346
1346 1345
1347 1348
1348 1347
1349 1311
1349 1453
1350 1351
1351 1350
1352 1353
1352 1354
1352 1355
1353 1352
1353 1354
1353 1355
1354 1352
1354 1353
1354 1355
1355 1352
1355 1353
1355 1354
1356 1357
1357 1356
1358 439
1358 1359
1359 439
1359 1358
1360 1361
1361 1360
1362 1292
1362 1460
1363 1364
1363 1433
1363 1750
1364 1363
1364 1433
1365 1366
1366 1365
1367 1368
1368 1367
1369 1370
1370 1369
1371 1284
1371 1289
1371 1372
1372 1284
1372 1289
1372 1371
1373 1374
1373 1375
1373 1534
1374 1373
1374 1375
1375 1373
1375 1374
1375 1530
1375 1534
1376 58
1376 59
1376 61
1376 67
1376 1112
1376 1335
1376 1386
1376 1424
1377 1378
1378 1377
1379 1380
1380 1379
1381 1382
1381 1383
1382 1381
1382 1383
1383 1381
1383 1382
1384 1385
1385 1384
1386 67
1386 1335
1386 1376
1387 1388
1388 1387
1389 905
1389 1390
1390 1389
1391 1392
1391 1393
1392 1391
1392 1393
1393 1391
1393 1392
1394 1395
1395 1394
1396 1397
1397 1396
1398 1399
1398 1444
1398 1459
1398 1518
1399 1398
1399 1459
1400 1401
1401 1400
1402 1333
1403 61
1404 340
1405 1282
1406 1407
1407 1406
1408 1409
1408 1410
1409 1408
1409 1410
1410 1408
1410 1409
1411 1412
1412 1411
1413 1414
1413 1415
1414 1413
1414 1415
1415 1413
1415 1414
1416 1417
1416 1418
1416 1419
1417 1416
1417 1418
1417 1419
1418 1416
1418 1417
1418 1419
1419 1416
1419 1417
1419 1418
1420 1421
1421 1420
1422 1423
1423 1422
1424 1376
1425 1283
1426 1427
1427 1426
1428 1429
1429 1428
1430 1431
1430 1432
1431 1285
1431 1288
1431 1430
1431 1432
1431 1454
1432 1430
1432 1431
1433 1363
1433 1364
1433 1750
1434 1435
1434 1436
1435 1434
1435 1436
1436 1434
1436 1435
1437 1438
1437 1439
1438 1437
1438 1439
1439 1437
1439 1438
1440 1441
1441 1440
1442 1443
1443 1442
1443 1541
1444 1398
1445 1446
1445 1447
1445 1448
1446 1445
1446 1447
1446 1448
1447 1445
1447 1446
1447 1448
1448 1445
1448 1446
1448 1447
1449 1450
1449 1451
1449 1452
1450 1449
1450 1451
1450 1452
1451 1449
1451 1450
1451 1452
1452 1449
1452 1450
1452 1451
1453 1349
1454 1285
1454 1288
1454 1431
1455 1456
1456 1455
1457 1458
1458 1457
1459 1398
1459 1399
1460 1362
1461 1462
1461 1463
1461 1464
1462 1461
1462 1463
1462 1464
1463 1461
1463 1462
1463 1464
1464 1461
1464 1462
1464 1463
1465 1466
1466 1465
1467 1468
1468 1467
1469 1470
1469 1488
1470 1469
1470 1488
1471 1295
1472 1473
1473 1472
1473 1474
1474 1473
1475 1243
1476 1477
1477 1476
1478 903
1478 906
1479 1480
1480 1479
1481 1257
1482 1483
1483 1482
1484 999
1485 1486
1485 1487
1486 1485
1486 1487
1487 1485
1487 1486
1488 1469
1488 1470
1489 910
1489 1490
1490 910
1490 1489
1491 276
1492 1493
1492 1550
1493 1492
1494 1495
1495 1494
1496 1497
1496 1498
1497 1496
1497 1498
1498 1496
1498 1497
1499 1241
1499 1242
1500 458
1501 1502
1502 1501
1502 1503
1503 1502
1504 1505
1505 1504
1506 1507
1507 1506
1508 1509
1509 1508
1510 1239
1511 1512
1511 1513
1512 1511
1512 1513
1513 1511
1513 1512
1514 1515
1514 1516
1514 1517
1515 1514
1515 1516
1515 1517
1516 1514
1516 1515
1516 1517
1517 1514
1517 1515
1517 1516
1518 1398
1519 1274
1520 1521
1520 1566
1521 1520
1522 1523
1523 1522
1524 1525
1524 1526
1525 1524
1525 1526
1526 1524
1526 1525
1527 1528
1528 1527
1529 1530
1530 1375
1530 1529
1531 1324
1532 1533
1533 1532
1534 1373
1534 1375
1535 1536
1536 1535
1537 1538
1538 1537
1539 1540
1540 1539
1540 1552
1540 1553
1541 1443
1542 1543
1543 1542
1544 1309
1544 1545
1544 1546
1545 1309
1545 1544
1545 1546
1546 1309
1546 1544
1546 1545
1547 1548
1547 1549
1548 1547
1548 1549
1548 1710
1548 1711
1548 1712
1549 1547
1549 1548
1550 1492
1551 1248
1551 1249
1552 1540
1552 1553
1553 1540
1553 1552
1554 1555
1555 1554
1556 1557
1556 1558
1556 1559
1557 1556
1557 1558
1557 1559
1558 1556
1558 1557
1558 1559
1559 1556
1559 1557
1559 1558
1560 1561
1560 1562
1561 1560
1561 1562
1562 1560
1562 1561
1563 1564
1563 1565
1564 1563
1564 1565
1565 1563
1565 1564
1566 1520
1567 1568
1568 1567
1569 1570
1570 1569
1571 1572
1572 1571
1573 1270
1574 1329
1574 1575
1575 1329
1575 1574
1576 1332
1576 1333
1577 1578
1577 1579
1578 1577
1578 1579
1579 1577
1579 1578
1580 1581
1581 1580
1582 1583
1583 1582
1584 713
1584 1585
1585 713
1585 1584
1586 833
1587 1588
1588 1587
1589 1340
1590 1591
1591 1590
1592 1593
1593 1592
1594 1595
1595 1594
1596 763
1597 1598
1597 1599
1598 1597
1598 1599
1599 1597
1599 1598
1600 1601
1601 195
1601 1600
1601 1609
1602 1603
1602 1604
1603 1602
1603 1604
1604 1602
1604 1603
1604 1615
1605 278
1605 1606
1606 278
1606 1605
1607 1608
1608 1607
1609 195
1609 1601
1610 1611
1611 1610
1612 1613
1613 1612
1614 23
1615 1604
1616 1617
1617 1616
1618 1619
1619 1618
1619 1632
1620 1621
1620 1622
1621 1620
1621 1622
1621 1645
1622 1620
1622 1621
1623 1180
1623 1181
1624 86
1625 1626
1625 1627
1625 1706
1626 1625
1626 1627
1627 1625
1627 1626
1628 1629
1629 1628
1630 1631
1630 1682
1630 1683
1630 1684
1630 1685
1630 1686
1631 1630
1632 1619
1633 1634
1634 1633
1635 1636
1636 1635
1636 1670
1636 1671
1637 805
1637 1638
1638 805
1638 1637
1638 1657
1639 1640
1640 1639
1641 1177
1642 1643
1642 1644
1642 1687
1642 1688
1643 1642
1643 1644
1644 1642
1644 1643
1645 1621
1646 1647
1647 1646
1648 1649
1649 1648
1650 1651
1651 1650
1652 825
1652 1653
1652 1654
1653 825
1653 1652
1653 1654
1654 825
1654 1652
1654 1653
1655 1656
1656 1655
1657 1638
1658 1659
1658 1660
1658 1690
1658 1691
1659 1658
1659 1660
1659 1663
1660 1658
1660 1659
1661 1662
1662 1176
1662 1661
1662 1669
1663 1659
1663 1756
1663 1757
1664 1665
1664 1666
1665 1664
1665 1666
1666 1664
1666 1665
1667 1668
1668 1667
1668 1736
1669 1176
1669 1662
1670 1636
1670 1671
1671 1636
1671 1670
1672 1673
1672 1674
1672 1675
1673 1672
1673 1674
1673 1675
1673 1677
1673 1695
1673 1696
1673 1697
1673 1698
1674 549
1674 1672
1674 1673
1674 1675
1674 1676
1674 1677
1674 1706
1675 549
1675 1672
1675 1673
1675 1674
1675 1677
1676 1674
1676 1677
1677 549
1677 1673
1677 1674
1677 1675
1677 1676
1677 1698
1677 1706
1678 1679
1679 1678
1680 1681
1681 1680
1682 1630
1682 1683
1682 1684
1682 1685
1682 1686
1683 1630
1683 1682
1683 1684
1683 1685
1683 1686
1684 1630
1684 1682
1684 1683
1684 1685
1684 1686
1685 1630
1685 1682
1685 1683
1685 1684
1685 1686
1685 1729
1686 1630
1686 1682
1686 1683
1686 1684
1686 1685
1687 1642
1687 1688
1687 1689
1688 1642
1688 1687
1688 1689
1689 1687
1689 1688
1690 1658
1690 1691
1691 1658
1691 1690
1692 1693
1692 1694
1693 1692
1693 1694
1694 1692
1694 1693
1694 1745
1695 1673
1695 1696
1695 1697
1696 1673
1696 1695
1696 1697
1697 1673
1697 1695
1697 1696
1698 1673
1698 1677
1699 1078
1700 1701
1700 1702
1701 1700
1701 1702
1702 1700
1702 1701
1703 1704
1703 1705
1704 1703
1704 1705
1705 1703
1705 1704
1706 549
1706 1625
1706 1674
1706 1677
1707 1708
1707 1709
1708 1707
1708 1709
1709 1707
1709 1708
1710 1548
1710 1711
1710 1712
1711 1548
1711 1710
1711 1712
1712 1548
1712 1710
1712 1711
1713 1714
1714 1713
1714 1738
1715 1188
1715 1716
1715 1717
1716 1188
1716 1715
1716 1717
1716 1718
1717 1188
1717 1715
1717 1716
1717 1753
1718 1716
1718 1739
1718 1740
1719 1720
1719 1721
1720 1719
1720 1721
1721 1719
1721 1720
1722 1723
1723 1722
1724 1725
1725 1724
1726 641
1726 1742
1727 1728
1728 1727
1729 1685
1730 1190
1730 1731
1731 1190
1731 1730
1732 1733
1733 1732
1734 1735
1735 1734
1736 1668
1737 1188
1737 1189
1738 1714
1739 1718
1739 1740
1740 1718
1740 1739
1741 842
1742 1726
1743 578
1743 1744
1744 578
1744 1743
1745 1694
1746 1747
1747 1746
1748 1749
1749 1748
1750 1363
1750 1433
1751 1752
1752 1751
1753 1717
1754 1755
1755 1754
1756 1663
1756 1757
1757 1663
1757 1756
1758 1759
1758 1760
1759 1758
1759 1760
1760 1758
1760 1759
1761 1762
1762 1761
1762 1763
1762 1764
1762 1765
1763 1762
1763 1764
1764 1762
1764 1763
1765 1762
1766 1767
1766 1769
1767 1766
1768 819
1769 1766
1770 1771
1771 1770
1772 1773
1773 1772
