1 2
1 3
2 1
2 3
2 1883
3 1
3 2
3 555
3 804
3 805
3 806
3 807
3 808
4 5
4 6
4 7
5 4
6 4
6 7
6 27
7 4
7 6
7 1997
7 1998
8 9
9 8
9 151
10 11
10 12
10 13
11 10
11 12
11 13
12 10
12 11
12 13
13 10
13 11
13 12
14 15
15 14
16 17
16 18
16 720
17 16
17 18
18 16
18 17
18 23
19 20
20 19
21 22
21 487
22 21
23 18
24 25
24 26
25 24
25 26
26 24
26 25
26 46
26 577
27 6
28 29
28 35
29 28
30 31
30 43
31 30
32 33
32 469
32 470
33 32
33 322
34 35
35 28
35 34
36 37
36 38
37 36
37 38
38 36
38 37
39 40
40 39
41 42
42 41
43 30
44 45
44 65
45 44
45 65
46 26
46 265
47 48
48 47
49 50
50 49
50 188
50 521
50 522
51 52
52 51
53 54
54 53
55 56
56 55
57 58
58 57
59 60
60 59
61 62
61 245
61 1664
61 1665
62 61
62 1664
62 1665
63 64
64 63
65 44
65 45
66 67
67 66
67 68
68 67
69 70
69 264
69 593
69 776
70 69
70 518
70 724
71 72
71 636
72 71
73 74
74 73
75 76
76 75
77 78
78 77
79 80
80 79
80 234
80 450
80 554
81 82
82 81
83 84
84 83
85 86
86 85
87 88
88 87
88 268
88 653
88 655
89 90
89 91
90 89
90 91
91 89
91 90
92 93
93 92
94 95
94 732
94 767
94 768
94 769
94 778
94 1396
94 1404
94 1405
94 1739
94 1740
94 1741
95 94
96 97
97 96
98 99
99 98
99 325
99 326
100 101
100 102
101 100
101 102
102 100
102 101
102 107
102 108
102 109
102 719
102 737
102 880
103 104
104 103
105 106
106 105
107 102
107 108
107 109
107 719
107 880
108 102
108 107
108 109
108 906
109 102
109 107
109 108
109 689
109 701
110 111
110 2090
111 110
111 2090
112 113
112 486
112 1009
112 1010
112 1206
112 1262
113 112
113 844
113 1001
113 1002
113 1003
113 1004
113 1009
113 1010
113 1011
113 1027
113 1028
113 1029
114 115
115 114
116 117
117 116
118 119
119 118
119 702
120 121
121 120
122 123
123 122
124 125
124 696
125 124
126 127
127 126
128 129
129 128
130 131
131 130
131 1844
131 2010
132 133
132 134
133 132
133 134
133 138
133 155
133 156
134 132
134 133
135 136
136 135
136 2196
137 138
138 133
138 137
139 140
140 139
141 142
142 141
143 144
144 143
145 146
146 145
147 148
148 147
149 150
150 149
151 9
152 153
152 154
152 155
153 152
153 154
153 155
154 152
154 153
154 155
155 133
155 152
155 153
155 154
155 156
156 133
156 155
157 158
158 157
159 160
160 159
161 162
161 166
162 161
163 164
163 165
163 952
163 2124
163 2125
163 2141
164 163
164 165
164 952
164 2141
165 163
165 164
165 958
166 161
167 168
168 167
169 170
170 169
171 172
172 171
172 393
173 174
174 173
174 278
174 279
175 176
176 175
177 178
177 179
177 198
177 570
178 177
178 179
178 570
179 177
179 178
179 198
179 1265
179 1273
179 1296
180 181
180 1723
180 1724
180 1725
180 1726
180 1727
180 1728
181 180
182 183
182 184
183 182
183 184
184 182
184 183
185 186
185 187
186 185
186 187
187 185
187 186
188 50
188 189
188 521
188 522
188 917
188 918
189 188
189 1062
189 1247
189 1368
189 1369
189 1836
190 191
191 190
191 635
192 193
192 485
192 656
192 657
193 192
193 559
193 1232
194 195
195 194
196 197
196 604
196 2005
196 2006
197 196
198 177
198 179
198 199
198 200
198 201
198 1792
198 1793
199 198
199 200
199 201
200 198
200 199
200 201
200 2014
201 198
201 199
201 200
202 203
203 202
204 205
205 204
206 207
207 206
208 209
209 208
210 211
211 210
212 213
213 212
214 215
215 214
216 217
217 216
217 218
217 219
217 220
218 217
218 219
219 217
219 218
220 217
221 222
221 223
221 319
222 221
222 223
222 319
223 221
223 222
223 307
223 319
223 553
224 225
224 226
225 224
225 226
226 224
226 225
227 228
228 227
229 230
229 618
230 229
231 232
231 692
231 737
231 1004
232 231
233 234
233 324
233 1050
234 80
234 233
234 726
234 2070
235 236
235 237
235 270
236 235
236 237
236 353
236 489
237 235
237 236
237 270
238 239
238 240
239 238
239 240
239 1554
240 238
240 239
240 350
240 963
241 242
242 241
243 244
244 243
244 251
244 723
245 61
246 247
246 248
247 246
247 248
248 246
248 247
248 1614
248 1760
249 250
249 1551
250 249
250 532
250 731
251 244
252 253
253 252
254 255
254 256
254 290
254 338
254 342
254 377
254 552
254 556
254 557
254 558
254 623
255 254
255 256
255 290
255 338
255 342
255 377
255 552
255 556
255 557
255 558
255 623
256 254
256 255
257 258
258 257
259 260
259 261
260 259
260 261
260 375
260 376
260 507
261 259
261 260
262 263
262 264
262 1076
263 262
263 264
263 367
263 368
264 69
264 262
264 263
265 46
266 267
266 268
266 269
267 266
267 268
267 269
268 88
268 266
268 267
268 269
268 296
268 297
269 266
269 267
269 268
269 505
269 506
270 235
270 237
271 272
271 273
272 271
272 273
273 271
273 272
274 275
275 274
276 277
276 294
276 299
276 532
277 276
278 174
278 279
278 525
279 174
279 278
279 341
280 281
281 280
282 283
283 282
284 285
285 284
286 287
287 286
288 289
288 290
289 288
289 290
290 254
290 255
290 288
290 289
290 338
290 552
291 292
291 535
291 536
292 291
292 535
292 536
293 294
293 295
294 276
294 293
294 295
294 299
294 532
294 711
294 712
295 293
295 294
296 268
296 297
297 268
297 296
298 299
299 276
299 294
299 298
299 314
299 508
299 509
299 532
299 573
299 592
299 593
299 705
299 706
299 707
300 301
300 302
300 363
301 300
301 302
302 300
302 301
302 313
302 314
302 363
303 304
304 303
305 306
306 305
307 223
308 309
309 308
310 311
310 312
310 1612
310 1613
310 2067
311 310
311 312
312 310
312 311
313 302
313 314
314 299
314 302
314 313
314 335
314 336
314 469
314 573
314 592
314 593
315 316
315 317
315 318
315 1045
316 315
316 317
316 318
317 315
317 316
317 318
317 1051
318 315
318 316
318 317
318 1051
319 221
319 222
319 223
320 321
321 320
322 33
323 324
324 233
324 323
324 1050
325 99
325 326
325 510
325 1285
326 99
326 325
327 328
328 327
329 330
329 645
330 329
331 332
332 331
333 334
334 333
335 314
335 336
336 314
336 335
337 338
338 254
338 255
338 290
338 337
338 594
338 595
339 340
339 762
339 763
339 821
340 339
340 386
340 541
341 279
342 254
342 255
342 608
342 911
342 1188
343 344
344 343
345 346
346 345
347 348
347 349
348 347
348 349
349 347
349 348
350 240
351 352
351 488
352 351
353 236
354 355
354 356
355 354
355 356
356 354
356 355
357 358
358 357
359 360
360 359
361 362
362 361
363 300
363 302
363 2251
364 365
364 366
364 479
364 480
364 865
364 966
364 995
364 1187
364 1206
364 1424
365 364
365 366
366 364
366 365
367 263
367 368
368 263
368 367
369 370
370 369
371 372
372 371
372 857
373 374
374 373
375 260
375 376
376 260
376 375
377 254
377 255
378 379
378 380
379 378
379 380
380 378
380 379
381 382
381 383
382 381
382 383
383 381
383 382
384 385
385 384
385 566
385 567
386 340
386 1069
386 1290
387 388
388 387
389 390
390 389
391 392
392 391
393 172
394 395
395 394
395 2023
395 2024
395 2025
396 397
397 396
397 400
397 401
397 402
398 399
399 398
400 397
400 401
401 397
401 400
402 397
403 404
404 403
405 406
405 2201
406 405
407 408
408 407
409 410
410 409
411 412
412 411
413 414
414 413
414 1212
415 416
416 415
417 418
417 419
418 417
418 419
419 417
419 418
420 421
420 422
421 420
421 422
422 420
422 421
423 424
424 423
425 426
425 427
425 446
425 447
426 425
426 427
427 425
427 426
427 446
427 447
428 429
429 428
430 431
430 432
431 430
431 432
432 430
432 431
433 434
434 433
435 436
436 435
437 438
437 439
437 503
437 504
438 437
438 439
438 609
439 437
439 438
439 609
440 441
441 440
442 443
443 442
444 445
445 444
446 425
446 427
446 447
447 425
447 427
447 446
448 449
449 448
450 80
450 451
450 452
450 453
450 554
450 555
451 450
451 452
451 453
452 450
452 451
452 453
453 450
453 451
453 452
454 455
454 1594
455 454
456 457
456 458
456 459
456 460
457 456
457 458
457 459
457 460
458 456
458 457
458 459
458 460
459 456
459 457
459 458
459 460
460 456
460 457
460 458
460 459
461 462
462 461
463 464
464 463
465 466
466 465
467 468
468 467
469 32
469 314
469 470
470 32
470 469
471 472
472 471
473 474
474 473
475 476
476 475
477 478
477 675
478 477
479 364
479 480
479 498
480 364
480 479
480 498
481 482
482 481
482 1033
483 484
484 483
485 192
486 112
487 21
488 351
489 236
490 491
490 492
491 490
491 492
492 490
492 491
493 494
494 493
495 496
495 497
495 580
495 581
495 582
495 583
495 604
496 495
496 497
497 495
497 496
498 479
498 480
499 500
500 499
501 502
502 501
503 437
503 504
503 562
504 437
504 503
504 562
505 269
505 506
506 269
506 505
507 260
508 299
508 509
509 299
509 508
510 325
511 512
512 511
513 514
514 513
515 516
516 515
517 518
518 70
518 517
518 724
519 520
519 521
519 522
520 519
520 521
520 522
521 50
521 188
521 519
521 520
521 522
521 882
521 888
521 889
521 917
521 918
522 50
522 188
522 519
522 520
522 521
523 524
524 523
524 565
525 278
526 527
527 526
527 750
528 529
529 528
530 531
530 653
530 654
530 655
531 530
532 250
532 276
532 294
532 299
533 534
534 533
535 291
535 292
535 536
536 291
536 292
536 535
537 538
537 544
537 1642
538 537
538 544
538 1642
539 540
540 539
540 559
541 340
542 543
542 1242
543 542
544 537
544 538
545 546
546 545
547 548
547 549
547 591
548 547
548 549
549 547
549 548
550 551
550 1096
550 1097
550 1243
551 550
551 653
551 655
552 254
552 255
552 290
553 223
554 80
554 450
554 555
555 3
555 450
555 554
555 804
555 806
555 807
555 808
556 254
556 255
556 557
556 558
556 623
557 254
557 255
557 556
557 558
557 623
558 254
558 255
558 556
558 557
558 623
558 776
558 1720
558 1767
559 193
559 540
560 561
561 560
562 503
562 504
563 564
564 563
565 524
566 385
566 567
567 385
567 566
568 569
569 568
570 177
570 178
570 577
570 610
571 572
572 571
573 299
573 314
574 575
575 574
576 577
577 26
577 570
577 576
577 610
578 579
579 578
580 495
580 581
580 582
580 583
580 604
581 495
581 580
581 582
581 583
582 495
582 580
582 581
582 583
583 495
583 580
583 581
583 582
584 585
585 584
586 587
587 586
587 605
588 589
588 590
588 715
589 588
589 590
590 588
590 589
591 547
592 299
592 314
592 593
593 69
593 299
593 314
593 592
593 776
594 338
594 595
594 847
594 848
594 1040
594 1677
595 338
595 594
595 847
595 848
596 597
597 596
597 1165
598 599
598 600
599 598
599 600
600 598
600 599
601 602
601 603
602 601
602 603
602 676
602 776
602 777
603 601
603 602
604 196
604 495
604 580
604 2005
604 2006
605 587
605 1975
605 1976
606 607
607 606
608 342
609 438
609 439
610 570
610 577
611 612
611 613
611 1835
612 611
612 613
613 611
613 612
613 1835
614 615
615 614
615 1913
616 617
617 616
618 229
619 620
619 628
620 619
621 622
622 621
623 254
623 255
623 556
623 557
623 558
624 625
625 624
626 627
626 1816
626 1817
626 1849
626 1867
627 626
627 990
627 1816
627 1817
627 1847
627 1848
627 1849
627 1867
628 619
629 630
629 652
630 629
630 652
630 658
631 632
632 631
632 644
633 634
633 1195
633 1426
633 1427
633 1440
634 633
634 643
635 191
636 71
637 638
638 637
639 640
640 639
641 642
642 641
643 634
644 632
644 666
644 667
645 329
646 647
647 646
648 649
649 648
650 651
651 650
651 2022
652 629
652 630
653 88
653 530
653 551
653 654
653 655
653 1402
653 1525
653 2066
654 530
654 653
654 655
655 88
655 530
655 551
655 653
655 654
655 985
655 1104
655 1525
655 2066
656 192
656 657
657 192
657 656
658 630
659 660
659 661
660 659
660 661
661 659
661 660
662 663
663 662
664 665
665 664
666 644
666 667
667 644
667 666
668 669
669 668
670 671
671 670
672 673
673 672
674 675
675 477
675 674
676 602
677 678
678 677
679 680
679 717
680 679
681 682
681 773
682 681
683 684
684 683
684 708
684 718
685 686
686 685
687 688
688 687
689 109
690 691
691 690
692 231
692 693
692 737
693 692
694 695
695 694
696 124
697 698
698 697
699 700
699 738
699 739
700 699
701 109
702 119
703 704
703 1406
703 1822
703 1823
703 1824
704 703
705 299
705 706
705 707
706 299
706 705
706 707
706 896
707 299
707 705
707 706
707 896
708 684
709 710
710 709
710 1267
711 294
711 712
712 294
712 711
713 714
713 1240
713 1782
713 1783
713 2004
714 713
715 588
715 716
716 715
717 679
717 1195
718 684
719 102
719 107
720 16
721 722
722 721
723 244
724 70
724 518
725 726
726 234
726 725
726 2070
727 728
728 727
729 730
730 729
731 250
731 881
731 882
731 927
732 94
733 734
734 733
735 736
736 735
737 102
737 231
737 692
738 699
738 739
739 699
739 738
740 741
740 892
741 740
742 743
743 742
744 745
745 744
746 747
747 746
747 2093
748 749
749 748
750 527
751 752
751 753
751 754
752 751
752 753
752 754
752 766
753 751
753 752
753 754
753 764
753 842
754 751
754 752
754 753
755 756
755 757
755 758
756 755
756 757
756 758
756 765
756 822
756 823
756 843
757 755
757 756
757 758
758 755
758 756
758 757
759 760
760 759
760 781
760 782
761 762
761 763
761 1550
761 1738
762 339
762 761
762 763
762 821
763 339
763 761
763 762
763 770
763 821
763 1041
764 753
764 765
764 827
764 842
764 1036
764 1043
764 1044
764 1056
764 1057
764 1058
765 756
765 764
766 752
766 826
767 94
767 768
767 769
767 778
767 788
767 789
767 790
768 94
768 767
768 769
768 778
768 788
768 789
768 790
769 94
769 767
769 768
769 778
770 763
770 771
770 772
770 821
770 1041
770 1042
770 1053
771 770
771 772
772 770
772 771
772 818
772 1023
773 681
774 775
775 774
776 69
776 558
776 593
776 602
776 777
776 1720
776 1767
777 602
777 776
778 94
778 767
778 768
778 769
779 780
780 779
781 760
782 760
783 784
783 817
783 950
783 1060
783 1061
784 783
785 786
785 787
786 785
786 787
787 785
787 786
788 767
788 768
788 789
788 790
789 767
789 768
789 788
789 790
790 767
790 768
790 788
790 789
791 792
792 791
793 794
794 793
794 1007
794 1008
795 796
796 795
797 798
798 797
798 830
798 1055
799 800
799 801
800 799
800 801
800 1054
801 799
801 800
802 803
803 802
804 3
804 555
804 805
804 806
804 807
804 808
804 1052
805 3
805 804
805 806
805 819
805 845
805 846
806 3
806 555
806 804
806 805
806 807
806 808
806 1059
807 3
807 555
807 804
807 806
807 808
808 3
808 555
808 804
808 806
808 807
809 810
810 809
811 812
812 811
813 814
813 827
814 813
815 816
815 825
816 815
816 825
817 783
818 772
818 1022
819 805
819 820
819 845
819 846
820 819
821 339
821 762
821 763
821 770
821 1041
822 756
822 823
822 824
822 835
822 836
822 841
823 756
823 822
823 824
824 822
824 823
825 815
825 816
826 766
827 764
827 813
828 829
829 828
830 798
831 832
832 831
833 834
834 833
834 1026
835 822
835 836
835 841
836 822
836 835
836 841
837 838
838 837
839 840
840 839
841 822
841 835
841 836
842 753
842 764
843 756
844 113
844 1029
845 805
845 819
845 846
846 805
846 819
846 845
847 594
847 595
847 848
847 998
847 1104
847 1105
847 1445
848 594
848 595
848 847
849 850
849 851
850 849
850 1037
851 849
852 853
852 854
852 899
852 911
853 852
853 854
853 887
854 852
854 853
854 890
854 891
855 856
856 855
856 983
857 372
858 859
859 858
860 861
860 862
861 860
861 862
862 860
862 861
863 864
863 865
864 863
864 865
865 364
865 863
865 864
865 1424
866 867
866 868
867 866
867 868
868 866
868 867
869 870
870 869
871 872
872 871
873 874
874 873
875 876
875 877
876 875
876 877
877 875
877 876
878 879
879 878
880 102
880 107
881 731
881 882
882 521
882 731
882 881
882 888
882 889
883 884
883 885
883 886
883 890
883 1413
884 883
884 885
884 886
884 890
885 883
885 884
885 886
885 890
886 883
886 884
886 885
887 853
888 521
888 882
888 889
889 521
889 882
889 888
890 854
890 883
890 884
890 885
890 891
891 854
891 890
892 740
893 894
893 895
894 893
894 895
895 893
895 894
896 706
896 707
897 898
897 899
898 897
898 899
899 852
899 897
899 898
899 911
900 901
900 922
901 900
901 922
902 903
902 904
902 905
903 902
903 904
903 905
904 902
904 903
904 905
905 902
905 903
905 904
905 1424
906 108
907 908
907 909
907 910
907 911
907 1103
907 1851
908 907
908 909
908 910
908 911
909 907
909 908
909 910
909 911
910 907
910 908
910 909
910 911
911 342
911 852
911 899
911 907
911 908
911 909
911 910
911 1138
911 1188
911 1210
911 1265
911 1283
911 1292
911 1316
911 1321
911 1326
911 1327
911 1345
911 1396
911 1451
912 913
912 914
913 912
913 914
914 912
914 913
915 916
916 915
917 188
917 521
917 918
918 188
918 521
918 917
919 920
919 921
919 2026
920 919
920 921
921 919
921 920
922 900
922 901
923 924
924 923
925 926
925 1119
925 1203
925 1552
925 1553
925 1632
925 1682
926 925
927 731
928 929
928 2054
928 2055
929 928
929 2054
929 2055
930 931
930 932
930 933
930 2148
931 930
931 932
931 933
931 1482
931 2148
931 2210
931 2226
931 2259
931 2260
932 930
932 931
932 933
932 2148
933 930
933 931
933 932
933 2148
934 935
934 936
935 934
935 936
936 934
936 935
937 938
937 944
937 945
937 946
937 947
937 1128
937 2127
937 2168
937 2220
937 2221
938 937
939 940
939 941
939 951
940 939
940 941
941 939
941 940
942 943
943 942
944 937
944 945
944 946
944 947
945 937
945 944
945 946
945 947
946 937
946 944
946 945
946 947
947 937
947 944
947 945
947 946
947 948
947 949
947 950
947 1128
947 2127
948 947
948 949
948 950
948 2140
949 947
949 948
949 950
949 2140
950 783
950 947
950 948
950 949
950 1060
950 1061
950 2140
951 939
951 2113
951 2114
951 2115
952 163
952 164
952 2141
953 954
953 1215
954 953
955 956
955 957
956 955
956 957
957 955
957 956
958 165
959 960
960 959
960 1505
961 962
962 961
963 240
964 965
965 964
966 364
967 968
968 967
968 2071
969 970
969 971
970 969
970 971
971 969
971 970
972 973
973 972
974 975
974 976
975 974
975 976
976 974
976 975
977 978
978 977
979 980
980 979
980 995
980 996
980 1287
980 1299
981 982
982 981
982 1811
982 1812
983 856
984 985
985 655
985 984
985 1104
986 987
987 986
988 989
989 988
990 627
991 992
991 1366
991 1856
991 1857
992 991
993 994
994 993
995 364
995 980
995 996
995 1206
995 1211
996 980
996 995
997 998
997 2202
998 847
998 997
998 1104
998 1105
998 1445
999 1000
999 1014
999 1030
1000 999
1000 1014
1001 113
1001 1002
1001 1003
1002 113
1002 1001
1002 1003
1002 1015
1002 1016
1002 1017
1002 1018
1003 113
1003 1001
1003 1002
1004 113
1004 231
1004 1011
1004 1027
1004 1028
1005 1006
1006 1005
1007 794
1007 1008
1008 794
1008 1007
1009 112
1009 113
1009 1010
1010 112
1010 113
1010 1009
1011 113
1011 1004
1012 1013
1013 1012
1014 999
1014 1000
1015 1002
1015 1016
1015 1017
1015 1018
1016 1002
1016 1015
1016 1017
1016 1018
1017 1002
1017 1015
1017 1016
1017 1018
1018 1002
1018 1015
1018 1016
1018 1017
1019 1020
1019 1021
1020 1019
1020 1021
1021 1019
1021 1020
1022 818
1023 772
1024 1025
1025 1024
1026 834
1027 113
1027 1004
1027 1027
1027 1028
1027 1214
1028 113
1028 1004
1028 1027
1029 113
1029 844
1030 999
1031 1032
1032 1031
1033 482
1034 1035
1035 1034
1036 764
1037 850
1038 1039
1038 1040
1039 1038
1039 1040
1040 594
1040 1038
1040 1039
1040 1641
1040 1677
1041 763
1041 770
1041 821
1041 1042
1041 1053
1042 770
1042 1041
1043 764
1043 1044
1044 764
1044 1043
1045 315
1046 1047
1047 1046
1048 1049
1049 1048
1050 233
1050 324
1051 317
1051 318
1052 804
1053 770
1053 1041
1054 800
1055 798
1056 764
1057 764
1057 1058
1058 764
1058 1057
1059 806
1060 783
1060 950
1060 1061
1061 783
1061 950
1061 1060
1062 189
1062 1067
1063 1064
1063 1136
1064 1063
1064 1136
1065 1066
1066 1065
1067 1062
1067 1860
1068 1069
1069 386
1069 1068
1069 1157
1069 1178
1069 1290
1069 1309
1070 1071
1071 1070
1072 1073
1073 1072
1074 1075
1074 1397
1075 1074
1076 262
1077 1078
1077 1079
1078 1077
1078 1079
1078 1471
1078 1472
1079 1077
1079 1078
1079 1471
1079 1472
1080 1081
1081 1080
1082 1083
1082 1432
1083 1082
1084 1085
1085 1084
1086 1087
1086 1088
1087 1086
1087 1088
1088 1086
1088 1087
1089 1090
1090 1089
1091 1092
1092 1091
1093 1094
1093 1464
1093 1465
1093 1466
1094 1093
1095 1096
1095 1097
1095 1098
1095 1099
1096 550
1096 1095
1096 1097
1096 1098
1096 1099
1096 1140
1096 1196
1096 1197
1096 1229
1096 1230
1096 1243
1096 1286
1096 1305
1096 1306
1096 1307
1096 1308
1096 1330
1096 1339
1097 550
1097 1095
1097 1096
1097 1098
1097 1099
1097 1103
1097 1196
1097 1197
1097 1230
1097 1243
1097 1286
1098 1095
1098 1096
1098 1097
1098 1099
1098 1474
1099 1095
1099 1096
1099 1097
1099 1098
1100 1101
1100 1183
1100 1535
1100 1791
1101 1100
1102 1103
1103 907
1103 1097
1103 1102
1104 655
1104 847
1104 985
1104 998
1104 1105
1104 1106
1104 1425
1104 1445
1104 1947
1104 1948
1104 1949
1105 847
1105 998
1105 1104
1105 1106
1105 1425
1105 1445
1106 1104
1106 1105
1106 1433
1107 1108
1108 1107
1108 1139
1108 1140
1109 1110
1109 1124
1109 1125
1109 1455
1109 1513
1110 1109
1110 1124
1110 1125
1110 2279
1111 1112
1112 1111
1113 1114
1114 1113
1114 1126
1115 1116
1116 1115
1117 1118
1118 1117
1118 1151
1118 1403
1119 925
1119 1120
1119 1140
1119 1203
1119 1304
1119 1382
1119 1383
1119 1552
1119 1553
1119 1632
1119 1682
1120 1119
1121 1122
1121 1123
1121 1190
1121 1191
1122 1121
1122 1123
1123 1121
1123 1122
1123 1261
1124 1109
1124 1110
1124 1125
1125 1109
1125 1110
1125 1124
1126 1114
1127 1128
1128 937
1128 947
1128 1127
1128 2118
1129 1130
1129 1131
1130 1129
1130 1131
1131 1129
1131 1130
1132 1133
1133 1132
1134 1135
1135 1134
1136 1063
1136 1064
1137 1138
1138 911
1138 1137
1138 1168
1138 1169
1138 1316
1138 1451
1138 1515
1139 1108
1139 1140
1140 1096
1140 1108
1140 1119
1140 1139
1140 1174
1140 1246
1140 1247
1140 1304
1141 1142
1142 1141
1143 1144
1144 1143
1145 1146
1145 1147
1145 1148
1146 1145
1146 1147
1146 1148
1147 1145
1147 1146
1147 1148
1148 1145
1148 1146
1148 1147
1149 1150
1150 1149
1151 1118
1151 1403
1152 1153
1152 1154
1153 1152
1153 1154
1154 1152
1154 1153
1154 1391
1155 1156
1156 1155
1157 1069
1158 1159
1159 1158
1160 1161
1161 1160
1162 1163
1162 1164
1163 1162
1163 1164
1163 1258
1163 1354
1164 1162
1164 1163
1165 597
1166 1167
1167 1166
1168 1138
1168 1169
1169 1138
1169 1168
1170 1171
1170 1172
1170 1241
1170 1274
1171 1170
1171 1172
1171 1334
1172 1170
1172 1171
1173 1174
1174 1140
1174 1173
1174 1462
1174 1463
1175 1176
1175 1177
1176 1175
1176 1177
1177 1175
1177 1176
1178 1069
1178 1186
1178 1266
1178 1343
1179 1180
1180 1179
1180 1206
1180 1248
1180 1255
1181 1182
1182 1181
1183 1100
1184 1185
1185 1184
1186 1178
1186 1187
1186 1266
1187 364
1187 1186
1187 1324
1188 342
1188 911
1188 1210
1188 1292
1189 1190
1189 1191
1190 1121
1190 1189
1190 1191
1191 1121
1191 1189
1191 1190
1192 1193
1192 1251
1192 1252
1193 1192
1194 1195
1195 633
1195 717
1195 1194
1195 1338
1195 1362
1196 1096
1196 1097
1196 1197
1196 1416
1196 1417
1197 1096
1197 1097
1197 1196
1198 1199
1198 1200
1199 1198
1199 1200
1199 1355
1200 1198
1200 1199
1201 1202
1201 1291
1202 1201
1203 925
1203 1119
1203 1204
1203 1552
1203 1553
1204 1203
1205 1206
1206 112
1206 364
1206 995
1206 1180
1206 1205
1206 1222
1206 1248
1206 1262
1206 1337
1207 1208
1207 1209
1208 1207
1208 1209
1209 1207
1209 1208
1210 911
1210 1188
1210 1395
1211 995
1212 414
1213 1214
1213 1242
1213 1259
1213 1260
1213 1277
1214 1027
1214 1213
1214 1344
1215 953
1216 1217
1217 1216
1218 1219
1219 1218
1220 1221
1221 1220
1222 1206
1222 1224
1222 1351
1223 1224
1224 1222
1224 1223
1224 1322
1224 1359
1225 1226
1225 1245
1225 1277
1226 1225
1227 1228
1227 1229
1228 1227
1228 1229
1228 1703
1229 1096
1229 1227
1229 1228
1229 1243
1230 1096
1230 1097
1230 1231
1230 1243
1231 1230
1232 193
1233 1234
1233 1324
1233 1325
1234 1233
1234 1324
1234 1325
1235 1236
1235 1237
1236 1235
1236 1237
1237 1235
1237 1236
1238 1239
1239 1238
1240 713
1241 1170
1242 542
1242 1213
1242 1259
1242 1260
1242 1277
1243 550
1243 1096
1243 1097
1243 1229
1243 1230
1243 1330
1244 1245
1244 1874
1245 1225
1245 1244
1245 1277
1245 1381
1246 1140
1246 1247
1247 189
1247 1140
1247 1246
1248 1180
1248 1206
1249 1250
1250 1249
1250 1363
1251 1192
1251 1252
1252 1192
1252 1251
1253 1254
1254 1253
1255 1180
1256 1257
1257 1256
1258 1163
1258 1354
1259 1213
1259 1242
1259 1260
1259 1277
1259 1331
1260 1213
1260 1242
1260 1259
1260 1277
1261 1123
1261 1333
1261 1356
1262 112
1262 1206
1263 1264
1264 1263
1265 179
1265 911
1265 1273
1265 1296
1266 1178
1266 1186
1267 710
1267 1268
1268 1267
1268 1328
1268 1329
1268 1410
1269 1270
1269 1271
1269 1272
1270 1269
1270 1271
1270 1272
1271 1269
1271 1270
1271 1272
1272 1269
1272 1270
1272 1271
1273 179
1273 1265
1273 1296
1274 1170
1275 1276
1275 1295
1276 1275
1277 1213
1277 1225
1277 1242
1277 1245
1277 1259
1277 1260
1277 1331
1277 1381
1278 1279
1279 1278
1280 1281
1280 1282
1281 1280
1281 1282
1282 1280
1282 1281
1283 911
1284 1285
1285 325
1285 1284
1286 1096
1286 1097
1287 980
1288 1289
1289 1288
1289 1357
1290 386
1290 1069
1291 1201
1291 1358
1292 911
1292 1188
1292 1321
1292 1621
1292 2126
1293 1294
1294 1293
1295 1275
1296 179
1296 1265
1296 1273
1297 1298
1298 1297
1299 980
1300 1301
1301 1300
1302 1303
1303 1302
1304 1119
1304 1140
1305 1096
1305 1306
1305 1307
1305 1308
1305 1339
1306 1096
1306 1305
1306 1307
1306 1308
1307 1096
1307 1305
1307 1306
1307 1308
1307 1339
1308 1096
1308 1305
1308 1306
1308 1307
1309 1069
1310 1311
1311 1310
1312 1313
1312 1386
1313 1312
1314 1315
1315 1314
1315 1346
1315 1347
1316 911
1316 1138
1317 1318
1317 1332
1318 1317
1318 1332
1319 1320
1320 1319
1321 911
1321 1292
1322 1224
1322 1323
1323 1322
1323 1327
1324 1187
1324 1233
1324 1234
1324 1325
1325 1233
1325 1234
1325 1324
1325 1348
1325 1350
1325 1372
1326 911
1326 1327
1327 911
1327 1323
1327 1326
1328 1268
1328 1329
1329 1268
1329 1328
1329 1410
1330 1096
1330 1243
1331 1259
1331 1277
1332 1317
1332 1318
1333 1261
1334 1171
1335 1336
1336 1335
1337 1206
1338 1195
1338 1362
1339 1096
1339 1305
1339 1307
1340 1341
1340 1342
1341 1340
1341 1342
1342 1340
1342 1341
1343 1178
1344 1214
1345 911
1346 1315
1346 1347
1347 1315
1347 1346
1348 1325
1348 1349
1348 1350
1349 1348
1349 1350
1350 1325
1350 1348
1350 1349
1351 1222
1352 1353
1353 1352
1354 1163
1354 1258
1355 1199
1356 1261
1357 1289
1358 1291
1359 1224
1360 1361
1361 1360
1362 1195
1362 1338
1363 1250
1364 1365
1365 1364
1366 991
1366 1367
1366 1408
1366 1856
1366 1857
1367 1366
1368 189
1368 1369
1369 189
1369 1368
1370 1371
1371 1370
1372 1325
1373 1374
1374 1373
1375 1376
1375 1453
1376 1375
1376 1514
1377 1378
1378 1377
1378 1384
1379 1380
1380 1379
1381 1245
1381 1277
1382 1119
1382 1383
1383 1119
1383 1382
1384 1378
1384 1708
1384 1709
1385 1386
1386 1312
1386 1385
1387 1388
1388 1387
1389 1390
1390 1389
1391 1154
1391 1458
1391 1459
1392 1393
1392 1394
1393 1392
1393 1394
1394 1392
1394 1393
1395 1210
1395 1396
1395 1400
1396 94
1396 911
1396 1395
1396 1404
1396 1405
1396 1452
1397 1074
1398 1399
1399 1398
1400 1395
1400 1401
1401 1400
1402 653
1403 1118
1403 1151
1404 94
1404 1396
1404 1405
1405 94
1405 1396
1405 1404
1406 703
1406 1407
1406 1822
1406 1823
1406 1824
1407 1406
1407 1475
1408 1366
1408 1838
1408 1839
1409 1410
1409 1473
1410 1268
1410 1329
1410 1409
1411 1412
1412 1411
1413 883
1414 1415
1415 1414
1416 1196
1416 1417
1417 1196
1417 1416
1418 1419
1418 2035
1419 1418
1420 1421
1421 1420
1422 1423
1423 1422
1424 364
1424 865
1424 905
1425 1104
1425 1105
1426 633
1426 1427
1427 633
1427 1426
1428 1429
1429 1428
1430 1431
1431 1430
1431 1437
1432 1082
1433 1106
1434 1435
1434 1436
1435 1434
1435 1436
1436 1434
1436 1435
1437 1431
1438 1439
1439 1438
1440 633
1441 1442
1442 1441
1443 1444
1444 1443
1445 847
1445 998
1445 1104
1445 1105
1446 1447
1447 1446
1448 1449
1448 1450
1449 1448
1449 1450
1450 1448
1450 1449
1451 911
1451 1138
1452 1396
1453 1375
1453 1454
1454 1453
1455 1109
1455 1513
1456 1457
1457 1456
1458 1391
1458 1459
1459 1391
1459 1458
1460 1461
1461 1460
1462 1174
1462 1463
1462 2158
1463 1174
1463 1462
1463 1535
1463 2150
1464 1093
1464 1465
1464 1466
1465 1093
1465 1464
1465 1466
1466 1093
1466 1464
1466 1465
1467 1468
1468 1467
1469 1470
1469 1506
1470 1469
1471 1078
1471 1079
1471 1472
1472 1078
1472 1079
1472 1471
1473 1409
1474 1098
1475 1407
1476 1477
1477 1476
1478 1479
1478 1480
1478 1481
1479 1478
1479 1480
1479 1481
1479 2203
1480 1478
1480 1479
1480 1481
1481 1478
1481 1479
1481 1480
1481 2203
1482 931
1482 1483
1482 2252
1482 2258
1482 2259
1482 2260
1482 2265
1482 2266
1483 1482
1484 1485
1485 1484
1486 1487
1486 1488
1487 1486
1487 1488
1488 1486
1488 1487
1488 2121
1489 1490
1490 1489
1491 1492
1491 1493
1491 2116
1491 2117
1492 1491
1492 1493
1493 1491
1493 1492
1494 1495
1494 1496
1494 1497
1495 1494
1495 1496
1495 1497
1496 1494
1496 1495
1496 1497
1497 1494
1497 1495
1497 1496
1497 2257
1498 1499
1499 1498
1500 1501
1500 1502
1500 2283
1501 1500
1501 1502
1502 1500
1502 1501
1503 1504
1504 1503
1505 960
1505 2165
1506 1469
1507 1508
1508 1507
1509 1510
1510 1509
1511 1512
1512 1511
1513 1109
1513 1455
1514 1376
1515 1138
1516 1517
1517 1516
1518 1519
1519 1518
1520 1521
1521 1520
1522 1523
1522 1524
1523 1522
1523 1524
1524 1522
1524 1523
1525 653
1525 655
1526 1527
1527 1526
1528 1529
1529 1528
1529 1778
1530 1531
1530 1532
1530 1703
1530 1704
1530 1705
1530 1729
1530 1730
1530 1926
1530 2011
1531 1530
1531 1532
1531 1587
1531 1588
1532 1530
1532 1531
1533 1534
1533 1803
1534 1533
1534 1803
1535 1100
1535 1463
1535 1768
1535 1769
1535 1770
1535 1791
1536 1537
1537 1536
1537 1646
1538 1539
1538 1598
1539 1538
1540 1541
1540 1611
1540 2021
1541 1540
1541 1611
1542 1543
1542 1544
1543 1542
1543 1544
1544 1542
1544 1543
1545 1546
1545 1815
1546 1545
1546 1815
1547 1548
1547 1549
1548 1547
1548 1549
1549 1547
1549 1548
1549 1781
1549 1996
1549 2032
1549 2033
1550 761
1550 1551
1550 1607
1550 1738
1550 1832
1551 249
1551 1550
1552 925
1552 1119
1552 1203
1552 1553
1552 1632
1552 1682
1553 925
1553 1119
1553 1203
1553 1552
1553 1632
1553 1682
1554 239
1555 1556
1555 1689
1555 1939
1555 1940
1555 1941
1556 1555
1557 1558
1557 1702
1557 1722
1557 2018
1557 2019
1557 2020
1558 1557
1558 1611
1558 1688
1558 1692
1558 1722
1558 1747
1558 1952
1558 1953
1559 1560
1560 1559
1560 1925
1560 1943
1560 1951
1560 1969
1561 1562
1561 1563
1562 1561
1562 1563
1563 1561
1563 1562
1563 1826
1563 1827
1564 1565
1565 1564
1565 1644
1565 1645
1565 1801
1565 1871
1565 1977
1565 1978
1566 1567
1567 1566
1568 1569
1568 1761
1568 1766
1569 1568
1570 1571
1570 2027
1570 2028
1571 1570
1572 1573
1573 1572
1574 1575
1575 1574
1576 1577
1577 1576
1578 1579
1578 1580
1579 1578
1579 1580
1580 1578
1580 1579
1581 1582
1582 1581
1582 1875
1582 1876
1583 1584
1583 1957
1584 1583
1585 1586
1585 1655
1586 1585
1586 1655
1587 1531
1587 1588
1588 1531
1588 1587
1588 1656
1588 1657
1589 1590
1589 1591
1590 1589
1590 1591
1590 1714
1591 1589
1591 1590
1592 1593
1593 1592
1594 454
1594 1963
1595 1596
1595 1597
1596 1595
1596 1597
1597 1595
1597 1596
1598 1538
1599 1600
1600 1599
1601 1602
1601 1603
1602 1601
1602 1603
1603 1601
1603 1602
1603 1643
1604 1605
1604 1751
1605 1604
1606 1607
1606 1608
1606 1636
1606 1884
1607 1550
1607 1606
1607 1608
1607 1636
1607 1832
1607 1884
1608 1606
1608 1607
1608 1636
1608 1884
1609 1610
1610 1609
1611 1540
1611 1541
1611 1558
1611 1688
1611 1692
1611 1747
1611 1748
1611 1952
1611 1953
1612 310
1612 1613
1613 310
1613 1612
1614 248
1614 1760
1615 1616
1615 1755
1615 1995
1616 1615
1616 1701
1616 1789
1616 1790
1617 1618
1617 1927
1618 1617
1618 1927
1619 1620
1619 1691
1619 1865
1619 1866
1619 1885
1619 1931
1619 1955
1619 1956
1620 1619
1621 1292
1621 2126
1622 1623
1622 1624
1623 1622
1623 1624
1624 1622
1624 1623
1625 1626
1625 1627
1626 1625
1626 1627
1627 1625
1627 1626
1627 1935
1628 1629
1628 1630
1628 1782
1629 1628
1629 1630
1629 1782
1630 1628
1630 1629
1630 1782
1631 1632
1632 925
1632 1119
1632 1552
1632 1553
1632 1631
1632 1682
1633 1634
1633 1635
1634 1633
1634 1635
1635 1633
1635 1634
1635 1752
1636 1606
1636 1607
1636 1608
1636 1884
1637 1638
1638 1637
1639 1640
1640 1639
1641 1040
1641 2255
1642 537
1642 538
1643 1603
1644 1565
1644 1645
1645 1565
1645 1644
1646 1537
1646 1858
1646 1859
1647 1648
1648 1647
1648 2031
1649 1650
1650 1649
1651 1652
1652 1651
1653 1654
1653 1742
1654 1653
1655 1585
1655 1586
1656 1588
1656 1657
1657 1588
1657 1656
1657 1894
1658 1659
1659 1658
1660 1661
1661 1660
1662 1663
1663 1662
1664 61
1664 62
1664 1665
1665 61
1665 62
1665 1664
1665 1984
1666 1667
1667 1666
1668 1669
1668 1794
1668 1795
1669 1668
1669 2001
1670 1671
1671 1670
1671 2007
1672 1673
1672 1674
1673 1672
1673 1674
1673 2046
1673 2047
1673 2048
1674 1672
1674 1673
1675 1676
1676 1675
1677 594
1677 1040
1678 1679
1679 1678
1680 1681
1681 1680
1682 925
1682 1119
1682 1552
1682 1553
1682 1632
1683 1684
1684 1683
1685 1686
1685 1687
1686 1685
1686 1687
1687 1685
1687 1686
1688 1558
1688 1611
1688 1692
1688 1747
1688 1748
1688 1952
1688 1953
1689 1555
1689 1953
1690 1691
1690 1692
1690 1693
1690 1747
1691 1619
1691 1690
1691 1692
1691 1693
1691 1865
1691 1866
1692 1558
1692 1611
1692 1688
1692 1690
1692 1691
1692 1693
1692 1747
1692 1748
1692 1952
1692 1953
1693 1690
1693 1691
1693 1692
1694 1695
1694 1696
1695 1694
1695 1696
1696 1694
1696 1695
1696 1880
1697 1698
1698 1697
1699 1700
1699 1777
1700 1699
1701 1616
1702 1557
1703 1228
1703 1530
1703 1704
1703 1705
1703 1926
1704 1530
1704 1703
1704 1705
1705 1530
1705 1703
1705 1704
1705 2011
1706 1707
1707 1706
1708 1384
1708 1709
1708 1850
1709 1384
1709 1708
1709 1850
1710 1711
1711 1710
1712 1713
1713 1712
1714 1590
1715 1716
1715 1717
1716 1715
1716 1717
1717 1715
1717 1716
1718 1719
1719 1718
1720 558
1720 776
1720 1721
1720 1767
1721 1720
1721 2157
1722 1557
1722 1558
1723 180
1723 1724
1723 1725
1724 180
1724 1723
1724 1725
1724 1808
1725 180
1725 1723
1725 1724
1725 1726
1725 1727
1725 1728
1725 1808
1726 180
1726 1725
1726 1727
1726 1728
1727 180
1727 1725
1727 1726
1727 1728
1728 180
1728 1725
1728 1726
1728 1727
1729 1530
1729 1730
1730 1530
1730 1729
1731 1732
1732 1731
1733 1734
1733 1735
1733 1936
1734 1733
1734 1735
1734 1905
1734 1970
1735 1733
1735 1734
1735 1905
1735 1936
1735 1970
1736 1737
1737 1736
1738 761
1738 1550
1739 94
1739 1740
1739 1741
1740 94
1740 1739
1740 1741
1741 94
1741 1739
1741 1740
1742 1653
1743 1744
1744 1743
1745 1746
1745 1886
1746 1745
1746 1886
1747 1558
1747 1611
1747 1688
1747 1690
1747 1692
1747 1748
1747 1952
1747 1953
1748 1611
1748 1688
1748 1692
1748 1747
1749 1750
1750 1749
1751 1604
1752 1635
1753 1754
1754 1753
1755 1615
1756 1757
1757 1756
1758 1759
1759 1758
1760 248
1760 1614
1761 1568
1761 1762
1761 1766
1761 1787
1761 1788
1761 1799
1762 1761
1762 1799
1763 1764
1763 1765
1764 1763
1764 1765
1765 1763
1765 1764
1766 1568
1766 1761
1767 558
1767 776
1767 1720
1768 1535
1768 1769
1768 1770
1769 1535
1769 1768
1769 1770
1770 1535
1770 1768
1770 1769
1771 1772
1771 1773
1771 1774
1772 1771
1772 1773
1772 1774
1772 1825
1773 1771
1773 1772
1773 1774
1773 1825
1774 1771
1774 1772
1774 1773
1774 1825
1775 1776
1776 1775
1777 1699
1778 1529
1779 1780
1779 1781
1779 1782
1779 1783
1780 1779
1780 1781
1780 1782
1780 1783
1781 1549
1781 1779
1781 1780
1781 1782
1781 1783
1781 1992
1781 1996
1782 713
1782 1628
1782 1629
1782 1630
1782 1779
1782 1780
1782 1781
1782 1783
1782 2004
1783 713
1783 1779
1783 1780
1783 1781
1783 1782
1783 2004
1784 1785
1784 1786
1785 1784
1785 1786
1785 1912
1786 1784
1786 1785
1787 1761
1787 1788
1788 1761
1788 1787
1789 1616
1789 1790
1790 1616
1790 1789
1791 1100
1791 1535
1792 198
1792 1793
1793 198
1793 1792
1794 1668
1794 1795
1795 1668
1795 1794
1795 2034
1796 1797
1796 1798
1797 1796
1797 1798
1798 1796
1798 1797
1799 1761
1799 1762
1800 1801
1801 1565
1801 1800
1801 1871
1801 1977
1801 1978
1802 1803
1802 1804
1802 1805
1803 1533
1803 1534
1803 1802
1803 1804
1803 1805
1804 1802
1804 1803
1804 1805
1805 1802
1805 1803
1805 1804
1805 1981
1806 1807
1807 1806
1808 1724
1808 1725
1809 1810
1810 1809
1811 982
1811 1812
1812 982
1812 1811
1812 1898
1813 1814
1814 1813
1815 1545
1815 1546
1815 1897
1816 626
1816 627
1816 1817
1816 1847
1816 1848
1816 1849
1816 1867
1817 626
1817 627
1817 1816
1817 1847
1817 1848
1817 1849
1817 1867
1818 1819
1819 1818
1820 1821
1821 1820
1822 703
1822 1406
1822 1823
1822 1824
1822 2153
1823 703
1823 1406
1823 1822
1823 1824
1824 703
1824 1406
1824 1822
1824 1823
1825 1772
1825 1773
1825 1774
1826 1563
1826 1827
1827 1563
1827 1826
1828 1829
1829 1828
1830 1831
1831 1830
1832 1550
1832 1607
1833 1834
1834 1833
1835 611
1835 613
1836 189
1836 1837
1837 1836
1838 1408
1838 1839
1839 1408
1839 1838
1840 1841
1841 1840
1842 1843
1843 1842
1844 131
1845 1846
1846 1845
1847 627
1847 1816
1847 1817
1847 1848
1847 1849
1848 627
1848 1816
1848 1817
1848 1847
1848 1849
1849 626
1849 627
1849 1816
1849 1817
1849 1847
1849 1848
1849 1867
1850 1708
1850 1709
1851 907
1852 1853
1853 1852
1854 1855
1855 1854
1855 1904
1855 1905
1856 991
1856 1366
1856 1857
1857 991
1857 1366
1857 1856
1858 1646
1858 1859
1859 1646
1859 1858
1860 1067
1861 1862
1861 2000
1862 1861
1863 1864
1864 1863
1865 1619
1865 1691
1865 1866
1865 1912
1865 1963
1866 1619
1866 1691
1866 1865
1866 1885
1867 626
1867 627
1867 1816
1867 1817
1867 1849
1868 1869
1869 1868
1870 1871
1871 1565
1871 1801
1871 1870
1871 1977
1871 1978
1872 1873
1873 1872
1874 1244
1875 1582
1875 1876
1876 1582
1876 1875
1877 1878
1877 1879
1878 1877
1878 1879
1879 1877
1879 1878
1880 1696
1881 1882
1882 1881
1883 2
1884 1606
1884 1607
1884 1608
1884 1636
1885 1619
1885 1866
1885 1931
1885 1955
1885 1956
1886 1745
1886 1746
1887 1888
1887 1889
1887 1908
1888 1887
1888 1889
1889 1887
1889 1888
1889 1908
1890 1891
1891 1890
1892 1893
1893 1892
1894 1657
1895 1896
1896 1895
1897 1815
1898 1812
1899 1900
1899 1901
1900 1899
1900 1901
1901 1899
1901 1900
1902 1903
1903 1902
1904 1855
1904 1905
1905 1734
1905 1735
1905 1855
1905 1904
1905 1970
1906 1907
1907 1906
1908 1887
1908 1889
1909 1910
1909 1911
1910 1909
1910 1911
1910 1999
1911 1909
1911 1910
1912 1785
1912 1865
1912 1963
1913 615
1914 1915
1914 1916
1915 1914
1915 1916
1916 1914
1916 1915
1917 1918
1917 1919
1918 1917
1918 1919
1919 1917
1919 1918
1919 1954
1920 1921
1920 1922
1921 1920
1921 1922
1922 1920
1922 1921
1923 1924
1923 1925
1924 1923
1924 1925
1925 1560
1925 1923
1925 1924
1925 1943
1925 1960
1926 1530
1926 1703
1927 1617
1927 1618
1928 1929
1929 1928
1930 1931
1931 1619
1931 1885
1931 1930
1931 1955
1931 1956
1932 1933
1932 1934
1932 1935
1933 1932
1933 1934
1933 1935
1934 1932
1934 1933
1934 1935
1935 1627
1935 1932
1935 1933
1935 1934
1936 1733
1936 1735
1937 1938
1938 1937
1939 1555
1939 1940
1939 1941
1940 1555
1940 1939
1940 1941
1940 1946
1940 1947
1940 1948
1940 1949
1940 1950
1940 1971
1941 1555
1941 1939
1941 1940
1942 1943
1942 1964
1943 1560
1943 1925
1943 1942
1943 1951
1943 1969
1944 1945
1945 1944
1946 1940
1946 1947
1946 1948
1946 1949
1946 1950
1946 1971
1947 1104
1947 1940
1947 1946
1947 1948
1947 1949
1947 1950
1947 1971
1948 1104
1948 1940
1948 1946
1948 1947
1948 1949
1948 1950
1948 1971
1949 1104
1949 1940
1949 1946
1949 1947
1949 1948
1949 1950
1949 1971
1950 1940
1950 1946
1950 1947
1950 1948
1950 1949
1950 1971
1951 1560
1951 1943
1952 1558
1952 1611
1952 1688
1952 1692
1952 1747
1952 1953
1953 1558
1953 1611
1953 1688
1953 1689
1953 1692
1953 1747
1953 1952
1953 1988
1953 1989
1954 1919
1955 1619
1955 1885
1955 1931
1955 1956
1956 1619
1956 1885
1956 1931
1956 1955
1957 1583
1958 1959
1959 1958
1960 1925
1961 1962
1962 1961
1963 1594
1963 1865
1963 1912
1964 1942
1965 1966
1965 1972
1966 1965
1966 1972
1967 1968
1968 1967
1969 1560
1969 1943
1970 1734
1970 1735
1970 1905
1971 1940
1971 1946
1971 1947
1971 1948
1971 1949
1971 1950
1972 1965
1972 1966
1973 1974
1974 1973
1975 605
1975 1976
1976 605
1976 1975
1977 1565
1977 1801
1977 1871
1977 1978
1978 1565
1978 1801
1978 1871
1978 1977
1979 1980
1980 1979
1981 1805
1982 1983
1983 1982
1984 1665
1985 1986
1985 1987
1986 1985
1986 1987
1987 1985
1987 1986
1988 1953
1988 1989
1989 1953
1989 1988
1990 1991
1991 1990
1992 1781
1993 1994
1994 1993
1995 1615
1996 1549
1996 1781
1997 7
1997 1998
1998 7
1998 1997
1999 1910
2000 1861
2001 1669
2002 2003
2003 2002
2004 713
2004 1782
2004 1783
2005 196
2005 604
2005 2006
2006 196
2006 604
2006 2005
2007 1671
2008 2009
2009 2008
2010 131
2011 1530
2011 1705
2012 2013
2013 2012
2014 200
2014 2017
2015 2016
2016 2015
2017 2014
2018 1557
2018 2019
2018 2020
2019 1557
2019 2018
2019 2020
2020 1557
2020 2018
2020 2019
2021 1540
2022 651
2023 395
2023 2024
2023 2025
2024 395
2024 2023
2024 2025
2025 395
2025 2023
2025 2024
2026 919
2027 1570
2027 2028
2028 1570
2028 2027
2029 2030
2030 2029
2031 1648
2032 1549
2032 2033
2033 1549
2033 2032
2034 1795
2035 1418
2036 2037
2037 2036
2038 2039
2039 2038
2040 2041
2041 2040
2042 2043
2043 2042
2044 2045
2045 2044
2046 1673
2046 2047
2046 2048
2047 1673
2047 2046
2047 2048
2048 1673
2048 2046
2048 2047
2049 2050
2049 2051
2050 2049
2050 2051
2051 2049
2051 2050
2052 2053
2053 2052
2054 928
2054 929
2054 2055
2055 928
2055 929
2055 2054
2056 2057
2057 2056
2058 2059
2058 2060
2059 2058
2059 2060
2060 2058
2060 2059
2060 2063
2061 2062
2062 2061
2063 2060
2064 2065
2065 2064
2065 2081
2066 653
2066 655
2067 310
2068 2069
2069 2068
2070 234
2070 726
2071 968
2072 2073
2073 2072
2074 2075
2075 2074
2076 2077
2076 2078
2077 2076
2077 2078
2078 2076
2078 2077
2079 2080
2079 2094
2079 2095
2080 2079
2081 2065
2082 2083
2082 2284
2083 2082
2083 2086
2084 2085
2085 2084
2085 2089
2086 2083
2087 2088
2088 2087
2089 2085
2090 110
2090 111
2091 2092
2092 2091
2093 747
2094 2079
2094 2095
2095 2079
2095 2094
2096 2097
2097 2096
2097 2104
2097 2105
2097 2208
2098 2099
2099 2098
2100 2101
2100 2102
2100 2103
2101 2100
2101 2102
2101 2103
2102 2100
2102 2101
2102 2103
2103 2100
2103 2101
2103 2102
2104 2097
2104 2105
2105 2097
2105 2104
2106 2107
2107 2106
2108 2109
2108 2110
2109 2108
2109 2110
2109 2256
2110 2108
2110 2109
2111 2112
2112 2111
2113 951
2113 2114
2113 2115
2114 951
2114 2113
2114 2115
2115 951
2115 2113
2115 2114
2116 1491
2116 2117
2117 1491
2117 2116
2118 1128
2119 2120
2119 2139
2120 2119
2121 1488
2122 2123
2122 2171
2122 2172
2123 2122
2124 163
2124 2125
2125 163
2125 2124
2126 1292
2126 1621
2127 937
2127 947
2128 2129
2129 2128
2130 2131
2130 2132
2130 2160
2131 2130
2131 2132
2132 2130
2132 2131
2133 2134
2134 2133
2135 2136
2136 2135
2137 2138
2138 2137
2139 2119
2140 948
2140 949
2140 950
2141 163
2141 164
2141 952
2142 2143
2142 2144
2143 2142
2143 2144
2144 2142
2144 2143
2145 2146
2145 2147
2145 2191
2146 2145
2146 2147
2146 2189
2147 2145
2147 2146
2147 2159
2147 2191
2148 930
2148 931
2148 932
2148 933
2148 2149
2149 2148
2150 1463
2151 2152
2152 2151
2153 1822
2153 2154
2154 2153
2155 2156
2156 2155
2156 2237
2157 1721
2158 1462
2159 2147
2160 2130
2161 2162
2162 2161
2162 2206
2162 2207
2163 2164
2163 2165
2164 2163
2164 2165
2165 1505
2165 2163
2165 2164
2166 2167
2167 2166
2167 2245
2167 2246
2168 937
2169 2170
2170 2169
2171 2122
2171 2172
2172 2122
2172 2171
2173 2174
2173 2175
2173 2176
2173 2184
2173 2185
2173 2186
2174 2173
2174 2175
2174 2176
2174 2184
2174 2185
2174 2186
2175 2173
2175 2174
2175 2176
2176 2173
2176 2174
2176 2175
2176 2184
2176 2185
2176 2186
2177 2178
2178 2177
2179 2180
2179 2181
2180 2179
2180 2181
2181 2179
2181 2180
2182 2183
2183 2182
2184 2173
2184 2174
2184 2176
2184 2185
2184 2186
2185 2173
2185 2174
2185 2176
2185 2184
2185 2186
2186 2173
2186 2174
2186 2176
2186 2184
2186 2185
2187 2188
2187 2189
2187 2190
2188 2187
2188 2189
2188 2190
2189 2146
2189 2187
2189 2188
2189 2190
2190 2187
2190 2188
2190 2189
2191 2145
2191 2147
2192 2193
2193 2192
2194 2195
2195 2194
2196 136
2197 2198
2198 2197
2199 2200
2200 2199
2201 405
2202 997
2203 1479
2203 1481
2204 2205
2205 2204
2206 2162
2206 2207
2207 2162
2207 2206
2208 2097
2209 2210
2210 931
2210 2209
2210 2226
2211 2212
2212 2211
2213 2214
2214 2213
2215 2216
2216 2215
2217 2218
2217 2219
2218 2217
2218 2219
2219 2217
2219 2218
2219 2276
2220 937
2220 2221
2221 937
2221 2220
2222 2223
2223 2222
2223 2242
2224 2225
2225 2224
2226 931
2226 2210
2227 2228
2228 2227
2229 2230
2230 2229
2231 2232
2231 2237
2232 2231
2233 2234
2234 2233
2235 2236
2236 2235
2237 2156
2237 2231
2238 2239
2239 2238
2240 2241
2241 2240
2242 2223
2243 2244
2244 2243
2245 2167
2245 2246
2246 2167
2246 2245
2247 2248
2248 2247
2249 2250
2250 2249
2251 363
2252 1482
2253 2254
2254 2253
2255 1641
2256 2109
2257 1497
2258 1482
2259 931
2259 1482
2259 2260
2260 931
2260 1482
2260 2259
2261 2262
2262 2261
2263 2264
2264 2263
2265 1482
2265 2266
2266 1482
2266 2265
2267 2268
2268 2267
2269 2270
2269 2271
2270 2269
2270 2271
2271 2269
2271 2270
2272 2273
2273 2272
2274 2275
2275 2274
2276 2219
2277 2278
2278 2277
2279 1110
2280 2281
2280 2282
2281 2280
2281 2282
2282 2280
2282 2281
2283 1500
2284 2082
2285 2286
2286 2285
2287 2288
2288 2287
2288 2289
2289 2288
2290 2291
2291 2290
2292 2293
2293 2292
2294 2295
2294 2296
2295 2294
2295 2296
2295 2301
2296 2294
2296 2295
2297 2298
2298 2297
2299 2300
2300 2299
2301 2295
2302 2303
2303 2302
