1 2
2 1
3 4
4 3
5 6
5 7
5 8
6 5
6 7
6 8
6 15
6 216
6 217
6 534
6 604
6 609
6 652
7 5
7 6
7 8
7 1624
8 5
8 6
8 7
9 10
10 9
10 20
11 12
11 13
11 14
11 15
11 16
11 17
11 114
11 217
11 384
11 624
11 645
11 646
12 11
12 13
12 14
12 15
12 16
12 17
13 11
13 12
13 14
13 15
13 16
13 17
14 11
14 12
14 13
14 15
14 16
14 17
14 217
14 624
15 6
15 11
15 12
15 13
15 14
15 16
15 17
15 534
15 604
15 609
15 652
16 11
16 12
16 13
16 14
16 15
16 17
17 11
17 12
17 13
17 14
17 15
17 16
17 577
17 589
17 619
17 646
17 668
18 19
19 18
20 10
20 21
20 22
20 23
20 474
20 1623
21 20
21 22
21 23
22 20
22 21
22 23
23 20
23 21
23 22
23 197
23 198
24 25
25 24
26 27
27 26
28 29
29 28
29 239
29 332
29 917
29 1423
29 1596
30 31
31 30
32 33
32 36
33 32
33 36
34 35
34 312
34 392
35 34
35 55
35 133
35 251
35 384
35 523
35 526
35 536
35 577
35 641
35 644
35 645
35 646
35 766
36 32
36 33
36 1008
36 1219
36 1220
36 1711
36 1712
36 1713
37 38
37 39
38 37
38 39
39 37
39 38
40 41
40 396
40 544
41 40
42 43
43 42
44 45
44 46
45 44
45 46
46 44
46 45
47 48
47 395
48 47
48 395
49 50
50 49
51 52
51 53
51 54
52 51
52 53
52 54
53 51
53 52
53 54
54 51
54 52
54 53
55 35
55 56
55 251
55 270
55 641
55 881
55 882
56 55
57 58
57 525
57 666
58 57
59 60
60 59
61 62
62 61
63 64
63 65
64 63
64 65
65 63
65 64
66 67
66 76
66 93
67 66
68 69
69 68
70 71
70 141
71 70
72 73
72 769
73 72
73 769
74 75
74 621
74 760
74 1743
75 74
76 66
77 78
77 223
78 77
78 223
79 80
80 79
80 217
80 251
80 377
81 82
82 81
83 84
84 83
85 86
86 85
87 88
88 87
89 90
89 168
89 169
89 170
89 184
89 196
89 453
89 482
90 89
91 92
92 91
93 66
93 649
94 95
94 96
94 97
94 98
94 99
94 100
95 94
95 96
95 97
95 98
95 99
95 100
96 94
96 95
96 97
96 98
96 99
96 100
97 94
97 95
97 96
97 98
97 99
97 100
98 94
98 95
98 96
98 97
98 99
98 100
99 94
99 95
99 96
99 97
99 98
99 100
100 94
100 95
100 96
100 97
100 98
100 99
101 102
102 101
103 104
104 103
105 106
106 105
107 108
107 109
108 107
108 109
109 107
109 108
109 472
110 111
111 110
112 113
113 112
114 11
114 115
114 185
114 186
114 216
114 288
114 289
114 292
114 293
114 309
114 382
114 383
114 384
114 393
114 419
114 523
114 534
114 536
114 644
114 645
114 646
114 675
115 114
115 667
116 117
117 116
118 119
119 118
120 121
121 120
122 123
123 122
124 125
125 124
126 127
127 126
128 129
128 130
128 146
129 128
129 130
130 128
130 129
131 132
132 131
133 35
133 134
133 251
133 520
133 766
134 133
134 177
134 250
134 341
134 551
134 552
134 624
134 635
134 636
134 640
134 641
134 688
134 703
134 916
134 1402
135 136
136 135
137 138
137 139
137 140
138 137
138 139
138 140
139 137
139 138
139 140
140 137
140 138
140 139
141 70
141 213
142 143
142 144
142 1586
143 142
143 144
144 142
144 143
145 146
146 128
146 145
147 148
148 147
148 528
149 150
149 421
149 531
149 574
149 575
149 576
149 578
149 664
149 671
149 676
149 854
149 855
150 149
151 152
152 151
153 154
153 634
154 153
154 634
155 156
156 155
156 302
157 158
157 499
157 500
157 501
158 157
159 160
160 159
160 601
161 162
161 607
162 161
163 164
164 163
165 166
165 167
166 165
166 167
166 258
166 259
167 165
167 166
168 89
168 169
168 170
168 292
168 432
169 89
169 168
169 170
169 255
169 256
169 547
169 624
169 793
169 845
169 857
169 940
169 941
169 1264
169 1565
169 1593
170 89
170 168
170 169
170 256
170 290
170 291
170 402
171 172
172 171
173 174
174 173
175 176
175 177
175 178
175 327
176 175
176 177
176 178
176 1087
176 1185
177 134
177 175
177 176
177 178
177 327
177 374
177 635
177 636
178 175
178 176
178 177
178 656
178 800
179 180
180 179
181 182
182 181
182 1398
182 1399
183 184
183 230
183 529
184 89
184 183
184 196
184 230
185 114
185 186
185 187
185 309
185 473
185 496
185 534
185 656
185 1004
185 1019
185 1020
185 1199
186 114
186 185
186 187
186 309
186 496
186 534
186 656
186 1004
186 1019
186 1020
186 1199
187 185
187 186
188 189
189 188
190 191
190 192
190 193
190 296
190 297
190 298
191 190
191 192
191 193
191 296
191 297
191 298
192 190
192 191
192 193
192 547
193 190
193 191
193 192
194 195
194 210
195 194
196 89
196 184
196 294
196 906
197 23
197 198
197 211
197 212
197 278
197 397
197 488
198 23
198 197
198 579
198 1123
199 200
199 1550
199 1551
200 199
200 305
201 202
201 203
202 201
202 203
203 201
203 202
204 205
204 206
204 445
205 204
205 206
206 204
206 205
206 596
206 689
206 697
206 716
207 208
207 433
208 207
209 210
209 1594
209 1744
210 194
210 209
211 197
211 212
212 197
212 211
212 341
212 534
212 535
212 613
212 636
213 141
214 215
215 214
216 6
216 114
216 217
216 293
216 393
216 675
217 6
217 11
217 14
217 80
217 216
217 251
217 377
217 384
217 385
217 523
217 531
217 532
217 611
217 612
217 624
217 769
217 802
218 219
218 220
219 218
219 220
219 221
219 222
220 218
220 219
220 503
220 518
220 865
220 895
220 1126
220 1309
220 1570
221 219
221 222
221 306
222 219
222 221
222 257
222 306
223 77
223 78
224 225
225 224
225 475
226 227
226 491
227 226
227 1413
227 1430
228 229
229 228
230 183
230 184
230 299
231 232
231 233
232 231
232 233
233 231
233 232
234 235
235 234
236 237
236 238
236 239
236 396
237 236
237 238
237 239
238 236
238 237
238 239
239 29
239 236
239 237
239 238
239 396
239 465
240 241
241 240
242 243
242 1615
243 242
243 400
244 245
245 244
246 247
246 248
246 256
246 657
247 246
247 248
248 246
248 247
249 250
249 251
249 396
249 544
249 611
249 612
249 613
250 134
250 249
250 251
250 640
250 641
251 35
251 55
251 80
251 133
251 217
251 249
251 250
251 377
251 641
251 766
251 789
252 253
252 254
253 252
253 254
254 252
254 253
255 169
255 256
255 566
255 1448
256 169
256 170
256 246
256 255
256 290
256 291
256 402
256 453
256 1572
257 222
258 166
258 259
259 166
259 258
260 261
261 260
262 263
262 264
262 316
262 317
262 749
262 750
263 262
263 264
263 384
263 419
263 536
263 544
264 262
264 263
265 266
266 265
267 268
268 267
268 774
268 775
268 776
268 777
269 270
269 1196
270 55
270 269
270 544
270 881
270 882
271 272
272 271
273 274
273 275
273 276
274 273
274 275
274 276
275 273
275 274
275 276
276 273
276 274
276 275
277 278
278 197
278 277
278 397
278 861
278 1610
278 1611
279 280
279 281
279 282
279 283
279 494
279 495
279 548
280 279
280 281
280 282
280 283
280 692
280 1130
281 279
281 280
281 282
281 283
282 279
282 280
282 281
282 283
283 279
283 280
283 281
283 282
284 285
285 284
286 287
287 286
288 114
288 289
288 402
288 573
288 600
289 114
289 288
289 322
289 402
289 573
289 600
290 170
290 256
290 291
290 402
291 170
291 256
291 290
291 402
291 808
292 114
292 168
292 293
292 880
292 1167
293 114
293 216
293 292
293 675
293 763
294 196
294 295
294 778
294 906
294 912
295 294
296 190
296 191
296 297
296 298
297 190
297 191
297 296
297 298
298 190
298 191
298 296
298 297
298 391
298 459
298 964
299 230
300 301
301 300
302 156
302 320
303 304
304 303
305 200
306 221
306 222
306 411
307 308
308 307
309 114
309 185
309 186
309 382
309 383
309 419
309 534
310 311
310 312
311 310
311 312
311 554
312 34
312 310
312 311
312 392
312 393
313 314
313 315
314 313
314 315
314 481
314 1310
315 313
315 314
316 262
316 317
316 618
317 262
317 316
318 319
319 318
319 434
320 302
321 322
321 480
321 481
322 289
322 321
322 851
322 852
322 853
322 915
323 324
323 866
324 323
325 326
325 421
325 757
326 325
326 328
326 329
327 175
327 177
328 326
328 329
328 1155
329 326
329 328
330 331
331 330
332 29
332 333
332 393
332 394
332 509
332 538
332 1369
332 1487
332 1488
332 1571
332 1784
333 332
333 458
334 335
335 334
336 337
337 336
338 339
338 470
339 338
339 502
339 1468
340 341
341 134
341 212
341 340
341 534
341 535
341 846
341 1402
342 343
342 346
342 347
342 348
343 342
343 346
343 347
343 348
344 345
345 344
346 342
346 343
346 347
346 348
347 342
347 343
347 346
347 348
348 342
348 343
348 346
348 347
349 350
349 351
350 349
350 351
350 352
350 356
351 349
351 350
352 350
352 353
352 356
352 369
353 352
354 355
355 354
356 350
356 352
357 358
357 401
358 357
359 360
360 359
361 362
362 361
363 364
364 363
365 366
366 365
367 368
368 367
369 352
370 371
371 370
371 471
372 373
373 372
374 177
374 545
374 546
374 978
375 376
375 917
375 918
376 375
377 80
377 217
377 251
377 378
377 379
377 526
378 377
378 379
379 377
379 378
379 845
379 1565
380 381
381 380
382 114
382 309
382 383
382 419
383 114
383 309
383 382
383 419
383 527
384 11
384 35
384 114
384 217
384 263
384 385
384 419
384 526
384 530
384 536
384 544
384 644
384 645
384 646
385 217
385 384
385 527
385 536
385 537
385 770
385 773
386 387
387 386
388 389
388 390
389 388
389 390
390 388
390 389
391 298
392 34
392 312
392 604
392 627
393 114
393 216
393 312
393 332
393 394
393 512
394 332
394 393
395 47
395 48
396 40
396 236
396 239
396 249
396 544
396 611
396 612
396 613
396 1307
396 1308
397 197
397 278
397 861
397 1610
397 1611
398 399
399 398
399 900
399 1032
399 1033
399 1041
400 243
401 357
401 907
402 170
402 256
402 288
402 289
402 290
402 291
402 600
403 404
403 405
403 406
404 403
404 405
404 406
405 403
405 404
405 406
406 403
406 404
406 405
407 408
408 407
409 410
410 409
411 306
412 413
413 412
414 415
414 416
415 414
415 416
416 414
416 415
417 418
418 417
419 114
419 263
419 309
419 382
419 383
419 384
419 420
419 421
420 419
420 421
421 149
421 325
421 419
421 420
421 757
421 854
421 855
422 423
422 435
423 422
423 435
424 425
425 424
426 427
427 426
428 429
429 428
430 431
431 430
432 168
432 751
432 1003
433 207
433 653
434 319
434 442
435 422
435 423
436 437
437 436
438 439
439 438
440 441
441 440
442 434
443 444
444 443
445 204
446 447
447 446
448 449
448 450
449 448
449 450
450 448
450 449
451 452
452 451
453 89
453 256
453 515
453 1572
454 455
455 454
456 457
457 456
458 333
459 298
460 461
460 462
461 460
461 462
461 504
461 505
461 506
461 507
462 460
462 461
463 464
464 463
465 239
466 467
467 466
468 469
469 468
470 338
471 371
472 109
473 185
473 1169
473 1291
473 1680
474 20
474 1294
475 225
476 477
476 504
476 505
476 506
476 507
476 624
477 476
477 624
478 479
479 478
480 321
480 481
481 314
481 321
481 480
481 530
481 540
481 620
481 662
481 1310
481 1586
482 89
483 484
483 485
484 483
484 485
485 483
485 484
486 487
487 486
487 1080
488 197
488 1133
489 490
489 516
490 489
491 226
492 493
492 1436
492 1437
493 492
494 279
494 495
495 279
495 494
496 185
496 186
496 925
496 1585
496 1774
497 498
498 497
499 157
499 500
499 501
499 991
499 1256
500 157
500 499
500 501
500 533
500 771
501 157
501 499
501 500
502 339
502 503
503 220
503 502
503 1570
504 461
504 476
504 505
504 506
504 507
505 461
505 476
505 504
505 506
505 507
506 461
506 476
506 504
506 505
506 507
506 1605
507 461
507 476
507 504
507 505
507 506
508 509
509 332
509 508
509 538
509 1369
510 511
511 510
512 393
513 514
513 724
514 513
515 453
516 489
516 1787
516 1788
516 1789
517 518
517 519
517 895
517 1111
518 220
518 517
518 519
518 865
518 895
519 517
519 518
520 133
521 522
522 521
523 35
523 114
523 217
523 524
523 525
523 526
523 536
523 644
523 645
523 646
523 769
523 802
524 523
524 525
524 975
524 1335
525 57
525 523
525 524
525 796
525 1199
526 35
526 377
526 384
526 523
526 536
526 544
526 644
526 645
526 646
527 383
527 385
527 766
527 773
528 148
529 183
530 384
530 481
530 540
531 149
531 217
531 532
531 801
532 217
532 531
532 801
533 500
534 6
534 15
534 114
534 185
534 186
534 212
534 309
534 341
534 535
534 577
534 795
535 212
535 341
535 534
536 35
536 114
536 263
536 384
536 385
536 523
536 526
536 537
536 544
536 644
537 385
537 536
538 332
538 509
538 539
538 1167
538 1215
538 1369
539 538
540 481
540 530
541 542
541 543
542 541
542 543
542 874
543 541
543 542
544 40
544 249
544 263
544 270
544 384
544 396
544 526
544 536
544 572
544 611
544 612
544 613
544 644
545 374
545 546
546 374
546 545
547 169
547 192
547 596
548 279
549 550
550 549
551 134
551 552
552 134
552 551
553 554
554 311
554 553
554 624
555 556
556 555
557 558
557 1545
558 557
559 560
560 559
561 562
562 561
562 1536
562 1537
563 564
564 563
565 566
565 625
565 1061
565 1062
565 1130
566 255
566 565
566 1448
566 1601
567 568
567 861
568 567
568 803
569 570
570 569
571 572
571 1490
572 544
572 571
572 611
572 612
572 613
572 702
572 703
572 1649
573 288
573 289
574 149
574 575
574 576
574 597
575 149
575 574
575 576
576 149
576 574
576 575
577 17
577 35
577 534
577 619
577 795
577 1454
577 1455
577 1456
578 149
578 664
579 198
579 580
579 992
579 1107
579 1123
580 579
581 582
581 669
582 581
583 584
584 583
584 637
585 586
586 585
587 588
588 587
588 665
589 17
589 646
589 668
590 591
591 590
592 593
593 592
594 595
594 662
595 594
595 620
596 206
596 547
596 648
596 689
596 697
596 716
596 1582
597 574
597 858
598 599
599 598
600 288
600 289
600 402
601 160
602 603
602 792
603 602
604 6
604 15
604 392
604 609
604 610
604 652
605 606
606 605
607 161
608 609
608 618
608 796
609 6
609 15
609 604
609 608
609 618
609 652
609 674
609 796
610 604
611 217
611 249
611 396
611 544
611 572
611 612
611 613
612 217
612 249
612 396
612 544
612 572
612 611
612 613
613 212
613 249
613 396
613 544
613 572
613 611
613 612
613 636
613 1261
614 615
615 614
616 617
616 772
617 616
617 772
618 316
618 608
618 609
618 796
619 17
619 577
619 1431
620 481
620 595
621 74
622 623
622 678
623 622
624 11
624 14
624 134
624 169
624 217
624 476
624 477
624 554
624 636
624 857
625 565
625 626
625 1130
626 625
626 670
627 392
627 1214
628 629
629 628
630 631
631 630
632 633
633 632
634 153
634 154
635 134
635 177
635 636
635 762
636 134
636 177
636 212
636 613
636 624
636 635
637 584
637 1628
638 639
639 638
640 134
640 250
640 641
641 35
641 55
641 134
641 250
641 251
641 640
642 643
643 642
643 877
644 35
644 114
644 384
644 523
644 526
644 536
644 544
644 645
644 646
644 767
645 11
645 35
645 114
645 384
645 523
645 526
645 644
645 646
646 11
646 17
646 35
646 114
646 384
646 523
646 526
646 589
646 644
646 645
646 668
646 869
647 648
647 791
647 794
648 596
648 647
648 791
648 794
648 1139
648 1199
648 1618
649 93
649 1616
650 651
651 650
651 663
652 6
652 15
652 604
652 609
653 433
654 655
655 654
656 178
656 185
656 186
656 800
657 246
658 659
658 660
658 661
658 1077
658 1085
659 658
659 660
659 661
660 658
660 659
660 661
661 658
661 659
661 660
662 481
662 594
662 753
662 1110
663 651
664 149
664 578
665 588
666 57
667 115
667 1034
667 1595
668 17
668 589
668 646
669 581
670 626
671 149
672 673
673 672
673 677
673 718
673 751
673 1182
673 1568
674 609
675 114
675 216
675 293
675 1153
675 1468
675 1469
676 149
676 677
677 673
677 676
677 685
677 717
677 718
677 922
678 622
678 1625
679 680
680 679
681 682
681 695
682 681
682 695
683 684
684 683
684 919
684 950
685 677
686 687
686 692
687 686
688 134
689 206
689 596
689 690
689 697
689 716
690 689
691 692
691 693
691 694
691 906
692 280
692 686
692 691
692 693
692 694
693 691
693 692
693 694
694 691
694 692
694 693
694 1174
695 681
695 682
696 697
696 747
696 748
697 206
697 596
697 689
697 696
697 716
698 699
698 719
699 698
700 701
701 700
701 710
702 572
702 703
702 711
702 712
702 713
702 741
702 755
702 756
703 134
703 572
703 702
703 916
704 705
705 704
706 707
707 706
708 709
708 733
709 708
709 733
710 701
711 702
711 712
711 713
712 702
712 711
712 713
713 702
713 711
713 712
714 715
715 714
715 824
716 206
716 596
716 689
716 697
717 677
718 673
718 677
719 698
720 721
720 722
721 720
721 722
721 723
722 720
722 721
723 721
724 513
725 726
726 725
726 731
726 756
726 758
726 759
727 728
727 734
727 735
727 736
728 727
729 730
730 729
730 732
730 742
730 743
731 726
732 730
733 708
733 709
733 1202
734 727
734 735
734 736
735 727
735 734
735 736
736 727
736 734
736 735
737 738
737 739
738 737
738 739
739 737
739 738
740 741
741 702
741 740
741 744
741 755
741 756
742 730
742 743
743 730
743 742
744 741
745 746
746 745
747 696
747 748
748 696
748 747
749 262
749 750
750 262
750 749
750 1326
751 432
751 673
751 1003
752 753
752 754
753 662
753 752
753 754
754 752
754 753
755 702
755 741
755 756
756 702
756 726
756 741
756 755
756 758
756 759
757 325
757 421
757 925
758 726
758 756
758 759
759 726
759 756
759 758
760 74
760 761
760 1584
760 1743
761 760
762 635
762 1068
763 293
764 765
765 764
766 35
766 133
766 251
766 527
767 644
768 769
769 72
769 73
769 217
769 523
769 768
769 802
770 385
770 986
771 500
772 616
772 617
773 385
773 527
774 268
774 775
774 776
774 777
775 268
775 774
775 776
775 777
776 268
776 774
776 775
776 777
777 268
777 774
777 775
777 776
777 905
778 294
778 779
778 912
779 778
780 781
780 782
781 780
781 782
782 780
782 781
783 784
784 783
785 786
786 785
787 788
788 787
788 951
788 1122
789 251
790 791
791 647
791 648
791 790
791 794
792 602
793 169
794 647
794 648
794 791
795 534
795 577
796 525
796 608
796 609
796 618
796 1199
797 798
797 799
798 797
798 799
799 797
799 798
800 178
800 656
800 1257
800 1258
801 531
801 532
802 217
802 523
802 769
803 568
804 805
804 956
805 804
806 807
806 809
807 806
807 809
808 291
808 1600
808 1622
809 806
809 807
810 811
811 810
812 813
812 814
812 815
812 1558
812 1682
813 812
813 814
813 815
813 1558
813 1682
813 1747
813 1748
814 812
814 813
814 815
814 1720
815 812
815 813
815 814
815 1558
815 1682
816 817
816 818
817 816
817 818
817 1671
817 1738
818 816
818 817
818 1127
819 820
819 1752
819 1753
820 819
821 822
821 823
822 821
822 823
823 821
823 822
824 715
825 826
826 825
827 828
828 827
829 830
830 829
831 832
831 833
832 831
832 833
833 831
833 832
833 1668
834 835
835 834
836 837
837 836
838 839
839 838
840 841
840 1635
841 840
842 843
843 842
844 845
844 856
845 169
845 379
845 844
845 1565
845 1593
846 341
847 848
848 847
849 850
850 849
851 322
851 852
851 853
851 1617
852 322
852 851
852 853
853 322
853 851
853 852
853 1617
854 149
854 421
854 855
855 149
855 421
855 854
855 1422
856 844
856 862
856 863
856 964
857 169
857 624
858 597
858 1029
859 860
860 859
861 278
861 397
861 567
861 1610
861 1611
862 856
862 863
863 856
863 862
864 865
865 220
865 518
865 864
865 895
866 323
867 868
868 867
869 646
870 871
871 870
872 873
873 872
874 542
875 876
876 875
877 643
878 879
879 878
880 292
881 55
881 270
881 882
882 55
882 270
882 881
883 884
884 883
885 886
886 885
887 888
888 887
889 890
890 889
891 892
892 891
893 894
894 893
895 220
895 517
895 518
895 865
896 897
896 898
897 896
897 898
898 896
898 897
899 900
900 399
900 899
900 1032
900 1033
901 902
902 901
903 904
904 903
905 777
906 196
906 294
906 691
906 1001
906 1002
906 1132
906 1494
907 401
908 909
909 908
910 911
911 910
912 294
912 778
913 914
914 913
915 322
915 1572
916 134
916 703
917 29
917 375
917 918
917 1596
917 1600
918 375
918 917
919 684
920 921
921 920
922 677
923 924
924 923
924 932
924 933
924 934
925 496
925 757
925 1585
926 927
926 1016
926 1113
926 1322
927 926
927 1587
928 929
929 928
930 931
931 930
932 924
932 933
932 934
933 924
933 932
933 934
934 924
934 932
934 933
935 936
936 935
937 938
937 939
938 937
938 939
938 1142
938 1211
938 1212
938 1213
939 937
939 938
940 169
940 941
941 169
941 940
942 943
943 942
944 945
945 944
946 947
946 1597
947 946
947 1597
948 949
949 948
950 684
951 788
952 953
953 952
954 955
954 1604
955 954
956 804
956 957
957 956
958 959
959 958
960 961
961 960
962 963
962 1248
963 962
963 1081
964 298
964 856
964 990
965 966
965 967
966 965
966 967
967 965
967 966
967 989
968 969
968 970
969 968
969 970
970 968
970 969
970 1012
971 972
972 971
973 974
974 973
974 1231
974 1237
975 524
975 976
975 977
975 1335
975 1370
976 975
976 977
977 975
977 976
978 374
978 979
979 978
980 981
981 980
982 983
982 1194
982 1195
983 982
984 985
985 984
986 770
987 988
987 1249
988 987
989 967
990 964
991 499
992 579
992 1183
993 994
994 993
995 996
996 995
997 998
998 997
999 1000
1000 999
1000 1180
1000 1181
1001 906
1001 1002
1002 906
1002 1001
1003 432
1003 751
1004 185
1004 186
1005 1006
1005 1007
1006 1005
1006 1007
1007 1005
1007 1006
1007 1572
1008 36
1008 1009
1008 1010
1008 1219
1008 1220
1009 1008
1009 1010
1010 1008
1010 1009
1011 1012
1011 1013
1012 970
1012 1011
1012 1013
1013 1011
1013 1012
1014 1015
1015 1014
1016 926
1017 1018
1018 1017
1018 1102
1019 185
1019 186
1019 1020
1019 1199
1020 185
1020 186
1020 1019
1020 1199
1021 1022
1021 1023
1021 1024
1022 1021
1022 1023
1022 1024
1022 1084
1023 1021
1023 1022
1023 1024
1023 1060
1023 1084
1024 1021
1024 1022
1024 1023
1024 1060
1024 1084
1025 1026
1025 1038
1026 1025
1026 1101
1027 1028
1028 1027
1029 858
1029 1115
1029 1138
1030 1031
1031 1030
1031 1218
1032 399
1032 900
1032 1033
1033 399
1033 900
1033 1032
1034 667
1035 1036
1036 1035
1037 1038
1038 1025
1038 1037
1038 1042
1038 1043
1038 1065
1038 1082
1039 1040
1040 1039
1041 399
1042 1038
1042 1043
1043 1038
1043 1042
1043 1073
1043 1074
1043 1075
1044 1045
1044 1052
1044 1136
1045 1044
1045 1052
1045 1136
1046 1047
1047 1046
1048 1049
1048 1583
1049 1048
1050 1051
1050 1110
1050 1112
1051 1050
1051 1128
1051 1129
1052 1044
1052 1045
1052 1053
1052 1136
1052 1160
1052 1213
1053 1052
1053 1539
1054 1055
1054 1131
1055 1054
1056 1057
1057 1056
1058 1059
1059 1058
1060 1023
1060 1024
1061 565
1061 1062
1062 565
1062 1061
1062 1200
1062 1201
1063 1064
1064 1063
1065 1038
1065 1114
1066 1067
1066 1078
1066 1098
1067 1066
1067 1078
1067 1098
1067 1161
1068 762
1069 1070
1069 1117
1069 1118
1069 1154
1070 1069
1071 1072
1072 1071
1073 1043
1073 1074
1073 1075
1074 1043
1074 1073
1074 1075
1075 1043
1075 1073
1075 1074
1076 1077
1076 1078
1076 1079
1077 658
1077 1076
1077 1078
1077 1079
1077 1085
1078 1066
1078 1067
1078 1076
1078 1077
1078 1079
1078 1098
1078 1161
1079 1076
1079 1077
1079 1078
1080 487
1081 963
1081 1083
1082 1038
1083 1081
1084 1022
1084 1023
1084 1024
1085 658
1085 1077
1086 1087
1087 176
1087 1086
1087 1185
1088 1089
1089 1088
1090 1091
1091 1090
1092 1093
1092 1147
1093 1092
1093 1147
1094 1095
1094 1099
1094 1100
1095 1094
1096 1097
1097 1096
1098 1066
1098 1067
1098 1078
1098 1161
1099 1094
1099 1100
1100 1094
1100 1099
1100 1556
1100 1557
1101 1026
1102 1018
1103 1104
1104 1103
1105 1106
1106 1105
1107 579
1108 1109
1109 1108
1110 662
1110 1050
1110 1111
1110 1112
1111 517
1111 1110
1111 1112
1111 1120
1111 1592
1112 1050
1112 1110
1112 1111
1113 926
1114 1065
1115 1029
1115 1116
1115 1138
1116 1115
1117 1069
1117 1118
1118 1069
1118 1117
1119 1120
1119 1121
1120 1111
1120 1119
1120 1121
1121 1119
1121 1120
1122 788
1123 198
1123 579
1123 1162
1124 1125
1125 1124
1125 1137
1126 220
1127 818
1128 1051
1128 1129
1129 1051
1129 1128
1130 280
1130 565
1130 625
1131 1054
1132 906
1132 1133
1132 1134
1132 1135
1132 1494
1133 488
1133 1132
1133 1134
1133 1135
1134 1132
1134 1133
1134 1135
1135 1132
1135 1133
1135 1134
1136 1044
1136 1045
1136 1052
1137 1125
1138 1029
1138 1115
1139 648
1140 1141
1141 1140
1142 938
1143 1144
1144 1143
1145 1146
1146 1145
1147 1092
1147 1093
1148 1149
1149 1148
1150 1151
1150 1152
1150 1486
1150 1737
1151 1150
1151 1152
1152 1150
1152 1151
1153 675
1154 1069
1155 328
1156 1157
1157 1156
1158 1159
1158 1160
1159 1158
1159 1160
1160 1052
1160 1158
1160 1159
1160 1213
1161 1067
1161 1078
1161 1098
1162 1123
1163 1164
1164 1163
1165 1166
1166 1165
1167 292
1167 538
1167 1168
1167 1215
1168 1167
1169 473
1170 1171
1171 1170
1172 1173
1173 1172
1174 694
1175 1176
1175 1575
1176 1175
1177 1178
1177 1179
1178 1177
1178 1179
1179 1177
1179 1178
1180 1000
1180 1181
1181 1000
1181 1180
1182 673
1182 1183
1182 1184
1183 992
1183 1182
1183 1184
1184 1182
1184 1183
1185 176
1185 1087
1186 1187
1187 1186
1188 1189
1189 1188
1190 1191
1191 1190
1192 1193
1193 1192
1194 982
1194 1195
1195 982
1195 1194
1196 269
1196 1197
1196 1447
1196 1448
1196 1558
1196 1559
1196 1566
1197 1196
1198 1199
1199 185
1199 186
1199 525
1199 648
1199 796
1199 1019
1199 1020
1199 1198
1199 1240
1199 1241
1199 1618
1200 1062
1200 1201
1201 1062
1201 1200
1202 733
1202 1428
1203 1204
1204 1203
1205 1206
1206 1205
1207 1208
1208 1207
1208 1254
1208 1255
1209 1210
1210 1209
1211 938
1211 1212
1211 1213
1212 938
1212 1211
1212 1213
1213 938
1213 1052
1213 1160
1213 1211
1213 1212
1214 627
1215 538
1215 1167
1215 1484
1215 1485
1216 1217
1217 1216
1218 1031
1219 36
1219 1008
1219 1220
1220 36
1220 1008
1220 1219
1221 1222
1222 1221
1223 1224
1223 1225
1223 1756
1224 1223
1224 1225
1225 1223
1225 1224
1225 1756
1226 1227
1226 1236
1227 1226
1228 1229
1228 1230
1229 1228
1229 1230
1229 1681
1229 1684
1230 1228
1230 1229
1231 974
1231 1736
1232 1233
1232 1782
1233 1232
1233 1782
1234 1235
1235 1234
1236 1226
1237 974
1238 1239
1239 1238
1240 1199
1240 1241
1241 1199
1241 1240
1242 1243
1243 1242
1244 1245
1245 1244
1246 1247
1247 1246
1248 962
1249 987
1250 1251
1251 1250
1252 1253
1253 1252
1254 1208
1254 1255
1255 1208
1255 1254
1256 499
1257 800
1257 1258
1258 800
1258 1257
1259 1260
1260 1259
1261 613
1262 1263
1263 1262
1264 169
1265 1266
1266 1265
1267 1268
1268 1267
1269 1270
1269 1271
1269 1405
1270 1269
1270 1271
1271 1269
1271 1270
1271 1503
1272 1273
1273 1272
1274 1275
1275 1274
1276 1277
1276 1278
1276 1287
1276 1288
1276 1289
1276 1290
1276 1423
1276 1429
1277 1276
1277 1278
1278 1276
1278 1277
1279 1280
1280 1279
1281 1282
1282 1281
1282 1387
1283 1284
1284 1283
1285 1286
1286 1285
1286 1297
1287 1276
1287 1288
1287 1289
1287 1290
1287 1423
1287 1429
1288 1276
1288 1287
1288 1289
1288 1290
1288 1423
1288 1429
1289 1276
1289 1287
1289 1288
1289 1290
1289 1423
1289 1429
1290 1276
1290 1287
1290 1288
1290 1289
1290 1423
1290 1429
1291 473
1291 1598
1292 1293
1293 1292
1294 474
1295 1296
1296 1295
1297 1286
1298 1299
1298 1481
1299 1298
1299 1481
1300 1301
1300 1359
1300 1400
1300 1498
1300 1499
1300 1500
1301 1300
1302 1303
1302 1304
1303 1302
1303 1304
1303 1363
1304 1302
1304 1303
1305 1306
1306 1305
1307 396
1307 1308
1308 396
1308 1307
1309 220
1310 314
1310 481
1311 1312
1312 1311
1313 1314
1313 1371
1314 1313
1315 1316
1315 1330
1315 1331
1315 1341
1315 1342
1315 1343
1315 1413
1315 1427
1316 1315
1317 1318
1317 1319
1318 1317
1318 1319
1319 1317
1319 1318
1320 1321
1321 1320
1322 926
1323 1324
1323 1325
1323 1329
1323 1440
1323 1441
1324 1323
1324 1325
1324 1329
1325 1323
1325 1324
1326 750
1327 1328
1327 1538
1328 1327
1328 1538
1329 1323
1329 1324
1330 1315
1330 1331
1331 1315
1331 1330
1332 1333
1332 1334
1333 1332
1333 1334
1334 1332
1334 1333
1335 524
1335 975
1336 1337
1336 1338
1337 1336
1337 1338
1338 1336
1338 1337
1339 1340
1340 1339
1341 1315
1341 1342
1341 1343
1342 1315
1342 1341
1342 1343
1343 1315
1343 1341
1343 1342
1344 1345
1344 1346
1345 1344
1345 1346
1345 1520
1346 1344
1346 1345
1347 1348
1348 1347
1349 1350
1350 1349
1351 1352
1352 1351
1353 1354
1353 1355
1353 1434
1354 1353
1354 1355
1355 1353
1355 1354
1356 1357
1357 1356
1358 1359
1358 1360
1358 1512
1358 1513
1359 1300
1359 1358
1359 1360
1359 1400
1359 1498
1359 1499
1359 1500
1360 1358
1360 1359
1361 1362
1362 1361
1363 1303
1364 1365
1365 1364
1366 1367
1366 1368
1367 1366
1367 1368
1368 1366
1368 1367
1369 332
1369 509
1369 538
1370 975
1370 1689
1370 1690
1371 1313
1372 1373
1373 1372
1374 1375
1374 1514
1374 1515
1374 1516
1375 1374
1376 1377
1377 1376
1378 1379
1378 1380
1378 1489
1379 1378
1379 1380
1379 1489
1380 1378
1380 1379
1380 1489
1381 1382
1382 1381
1383 1384
1384 1383
1384 1403
1384 1404
1385 1386
1386 1385
1387 1282
1388 1389
1388 1390
1389 1388
1389 1390
1390 1388
1390 1389
1391 1392
1392 1391
1393 1394
1394 1393
1394 1395
1395 1394
1396 1397
1397 1396
1398 182
1398 1399
1399 182
1399 1398
1400 1300
1400 1359
1400 1401
1400 1498
1400 1499
1400 1500
1401 1400
1402 134
1402 341
1403 1384
1403 1404
1404 1384
1404 1403
1405 1269
1406 1407
1406 1408
1406 1491
1407 1406
1407 1408
1408 1406
1408 1407
1409 1410
1409 1411
1409 1412
1409 1413
1409 1414
1410 1409
1410 1411
1410 1412
1410 1413
1410 1414
1411 1409
1411 1410
1411 1412
1411 1413
1411 1414
1412 1409
1412 1410
1412 1411
1412 1413
1412 1414
1413 227
1413 1315
1413 1409
1413 1410
1413 1411
1413 1412
1413 1414
1413 1427
1413 1430
1414 1409
1414 1410
1414 1411
1414 1412
1414 1413
1415 1416
1415 1417
1416 1415
1416 1417
1417 1415
1417 1416
1418 1419
1419 1418
1420 1421
1421 1420
1421 1479
1421 1480
1422 855
1423 29
1423 1276
1423 1287
1423 1288
1423 1289
1423 1290
1423 1429
1423 1450
1424 1425
1424 1449
1425 1424
1425 1449
1425 1461
1426 1427
1427 1315
1427 1413
1427 1426
1428 1202
1429 1276
1429 1287
1429 1288
1429 1289
1429 1290
1429 1423
1430 227
1430 1413
1431 619
1432 1433
1433 1432
1434 1353
1434 1435
1435 1434
1436 492
1436 1437
1437 492
1437 1436
1438 1439
1439 1438
1439 1519
1439 1527
1440 1323
1440 1441
1441 1323
1441 1440
1442 1443
1443 1442
1444 1445
1444 1446
1445 1444
1445 1446
1445 1470
1445 1471
1445 1472
1445 1473
1446 1444
1446 1445
1447 1196
1447 1448
1448 255
1448 566
1448 1196
1448 1447
1449 1424
1449 1425
1450 1423
1451 1452
1451 1453
1452 1451
1452 1453
1453 1451
1453 1452
1454 577
1454 1455
1454 1456
1455 577
1455 1454
1455 1456
1456 577
1456 1454
1456 1455
1457 1458
1458 1457
1459 1460
1460 1459
1461 1425
1462 1463
1463 1462
1464 1465
1465 1464
1466 1467
1467 1466
1468 339
1468 675
1468 1469
1469 675
1469 1468
1470 1445
1470 1471
1470 1472
1470 1473
1471 1445
1471 1470
1471 1472
1471 1473
1472 1445
1472 1470
1472 1471
1472 1473
1473 1445
1473 1470
1473 1471
1473 1472
1474 1475
1475 1474
1476 1477
1476 1478
1477 1476
1477 1478
1478 1476
1478 1477
1479 1421
1479 1480
1480 1421
1480 1479
1481 1298
1481 1299
1482 1483
1482 1555
1483 1482
1484 1215
1484 1485
1485 1215
1485 1484
1486 1150
1487 332
1487 1488
1488 332
1488 1487
1489 1378
1489 1379
1489 1380
1490 571
1491 1406
1492 1493
1493 1492
1494 906
1494 1132
1495 1496
1495 1497
1496 1495
1496 1497
1497 1495
1497 1496
1498 1300
1498 1359
1498 1400
1498 1499
1498 1500
1499 1300
1499 1359
1499 1400
1499 1498
1499 1500
1500 1300
1500 1359
1500 1400
1500 1498
1500 1499
1501 1502
1502 1501
1503 1271
1504 1505
1505 1504
1506 1507
1507 1506
1508 1509
1508 1510
1508 1511
1509 1508
1509 1510
1509 1511
1510 1508
1510 1509
1510 1511
1511 1508
1511 1509
1511 1510
1512 1358
1512 1513
1513 1358
1513 1512
1514 1374
1514 1515
1514 1516
1515 1374
1515 1514
1515 1516
1516 1374
1516 1514
1516 1515
1517 1518
1518 1517
1519 1439
1520 1345
1521 1522
1522 1521
1523 1524
1524 1523
1525 1526
1526 1525
1527 1439
1528 1529
1528 1530
1529 1528
1529 1530
1530 1528
1530 1529
1531 1532
1532 1531
1532 1542
1533 1534
1533 1535
1534 1533
1534 1535
1535 1533
1535 1534
1536 562
1536 1537
1537 562
1537 1536
1538 1327
1538 1328
1539 1053
1540 1541
1541 1540
1542 1532
1543 1544
1544 1543
1545 557
1546 1547
1547 1546
1548 1549
1549 1548
1549 1552
1550 199
1550 1551
1551 199
1551 1550
1552 1549
1553 1554
1554 1553
1555 1482
1556 1100
1556 1557
1557 1100
1557 1556
1558 812
1558 813
1558 815
1558 1196
1558 1559
1558 1682
1558 1747
1558 1748
1559 1196
1559 1558
1560 1561
1560 1562
1561 1560
1561 1562
1562 1560
1562 1561
1563 1564
1564 1563
1564 1621
1565 169
1565 379
1565 845
1565 1593
1566 1196
1567 1568
1567 1569
1568 673
1568 1567
1568 1569
1569 1567
1569 1568
1570 220
1570 503
1571 332
1572 256
1572 453
1572 915
1572 1007
1573 1574
1574 1573
1575 1175
1575 1576
1576 1575
1577 1578
1578 1577
1579 1580
1580 1579
1581 1582
1582 596
1582 1581
1583 1048
1584 760
1585 496
1585 925
1586 142
1586 481
1587 927
1588 1589
1589 1588
1590 1591
1591 1590
1592 1111
1593 169
1593 845
1593 1565
1594 209
1595 667
1595 1614
1596 29
1596 917
1597 946
1597 947
1598 1291
1599 1600
1600 808
1600 917
1600 1599
1601 566
1602 1603
1603 1602
1604 954
1605 506
1606 1607
1607 1606
1608 1609
1608 1612
1609 1608
1609 1612
1610 278
1610 397
1610 861
1610 1611
1611 278
1611 397
1611 861
1611 1610
1612 1608
1612 1609
1612 1613
1613 1612
1614 1595
1614 1644
1615 242
1616 649
1617 851
1617 853
1618 648
1618 1199
1619 1620
1620 1619
1621 1564
1622 808
1623 20
1624 7
1625 678
1626 1627
1627 1626
1628 637
1629 1630
1629 1631
1630 1629
1630 1631
1631 1629
1631 1630
1631 1645
1632 1633
1632 1634
1632 1646
1633 1632
1633 1634
1634 1632
1634 1633
1635 840
1636 1637
1637 1636
1638 1639
1638 1640
1639 1638
1639 1640
1640 1638
1640 1639
1641 1642
1642 1641
1643 1644
1644 1614
1644 1643
1645 1631
1646 1632
1647 1648
1648 1647
1649 572
1650 1651
1650 1678
1651 1650
1652 1653
1652 1654
1652 1658
1653 1652
1653 1654
1654 1652
1654 1653
1654 1658
1654 1659
1654 1660
1655 1656
1655 1657
1656 1655
1656 1657
1657 1655
1657 1656
1658 1652
1658 1654
1658 1659
1658 1660
1659 1654
1659 1658
1659 1660
1660 1654
1660 1658
1660 1659
1661 1662
1662 1661
1663 1664
1664 1663
1665 1666
1665 1667
1666 1665
1666 1667
1666 1699
1667 1665
1667 1666
1668 833
1669 1670
1670 1669
1671 817
1671 1672
1671 1738
1672 1671
1673 1674
1673 1675
1673 1783
1674 1673
1674 1675
1675 1673
1675 1674
1676 1677
1677 1676
1678 1650
1678 1679
1678 1683
1678 1698
1678 1705
1678 1714
1679 1678
1679 1683
1679 1698
1679 1705
1679 1714
1679 1749
1680 473
1681 1229
1681 1772
1681 1773
1682 812
1682 813
1682 815
1682 1558
1682 1747
1682 1780
1682 1781
1683 1678
1683 1679
1683 1698
1683 1749
1684 1229
1685 1686
1686 1685
1686 1758
1687 1688
1688 1687
1689 1370
1689 1690
1690 1370
1690 1689
1691 1692
1692 1691
1693 1694
1694 1693
1695 1696
1695 1697
1695 1698
1695 1705
1696 1695
1696 1709
1696 1715
1697 1695
1697 1698
1698 1678
1698 1679
1698 1683
1698 1695
1698 1697
1698 1705
1698 1749
1698 1750
1699 1666
1700 1701
1700 1714
1701 1700
1701 1714
1702 1703
1702 1704
1703 1702
1703 1704
1704 1702
1704 1703
1705 1678
1705 1679
1705 1695
1705 1698
1705 1714
1706 1707
1706 1708
1707 1706
1707 1708
1707 1776
1707 1777
1708 1706
1708 1707
1709 1696
1709 1710
1710 1709
1711 36
1711 1712
1711 1713
1712 36
1712 1711
1712 1713
1713 36
1713 1711
1713 1712
1714 1678
1714 1679
1714 1700
1714 1701
1714 1705
1715 1696
1716 1717
1717 1716
1718 1719
1719 1718
1720 814
1720 1721
1721 1720
1722 1723
1723 1722
1724 1725
1724 1726
1725 1724
1725 1726
1725 1727
1726 1724
1726 1725
1726 1727
1727 1725
1727 1726
1728 1729
1729 1728
1730 1731
1731 1730
1732 1733
1733 1732
1734 1735
1735 1734
1736 1231
1737 1150
1738 817
1738 1671
1739 1740
1740 1739
1741 1742
1742 1741
1743 74
1743 760
1744 209
1745 1746
1746 1745
1747 813
1747 1558
1747 1682
1747 1748
1747 1780
1747 1781
1748 813
1748 1558
1748 1747
1749 1679
1749 1683
1749 1698
1749 1750
1749 1751
1750 1698
1750 1749
1750 1751
1751 1749
1751 1750
1752 819
1752 1753
1753 819
1753 1752
1754 1755
1755 1754
1756 1223
1756 1225
1756 1757
1757 1756
1758 1686
1759 1760
1760 1759
1761 1762
1761 1763
1762 1761
1762 1763
1763 1761
1763 1762
1764 1765
1765 1764
1766 1767
1767 1766
1768 1769
1769 1768
1770 1771
1770 1790
1771 1770
1772 1681
1772 1773
1773 1681
1773 1772
1774 496
1774 1775
1775 1774
1776 1707
1776 1777
1777 1707
1777 1776
1778 1779
1779 1778
1780 1682
1780 1747
1780 1781
1781 1682
1781 1747
1781 1780
1782 1232
1782 1233
1783 1673
1784 332
1785 1786
1786 1785
1787 516
1787 1788
1787 1789
1788 516
1788 1787
1788 1789
1789 516
1789 1787
1789 1788
1790 1770
